1.000 0.037
2.000 0.039
3.000 0.021
4.000 0.026
5.000 0.026
6.000 0.027
7.000 0.059
8.000 0.062
9.000 0.022
10.000 0.038
11.000 0.043
12.000 0.052
13.000 0.052
14.000 0.033
15.000 0.014
16.000 0.034
17.000 0.031
18.000 0.032
19.000 0.047
20.000 0.052
21.000 0.027
22.000 0.030
23.000 0.025
24.000 0.041
26.000 0.040
27.000 0.052
28.000 0.041
29.000 0.042
30.000 0.067
31.000 0.047
32.000 0.067
33.000 0.058
34.000 0.039
35.000 0.040
36.000 0.045
37.000 0.038
38.000 0.038
39.000 0.042
40.000 0.037
41.000 0.040
42.000 0.021
43.000 0.022
44.000 0.030
45.000 0.027
46.000 0.018
47.000 0.057
48.000 0.053
49.000 0.026
50.000 0.034
51.000 0.059
52.000 0.052
53.000 0.023
54.000 0.033
56.000 0.047
57.000 0.057
58.000 0.020
59.000 0.028
60.000 0.054
61.000 0.064
62.000 0.028
63.000 0.030
64.000 0.033
65.000 0.041
66.000 0.024
67.000 0.033
68.000 0.040
69.000 0.052
70.000 0.039
71.000 0.033
72.000 0.025
73.000 0.029
74.000 0.025
75.000 0.027
76.000 0.030
77.000 0.043
79.000 0.038
80.000 0.036
81.000 0.024
82.000 0.037
83.000 0.016
84.000 0.030
85.000 0.041
86.000 0.036
87.000 0.045
88.000 0.047
89.000 0.031
90.000 0.055
91.000 0.049
92.000 0.029
93.000 0.028
94.000 0.063
95.000 0.044
96.000 0.050
97.000 0.032
98.000 0.038
99.000 0.061
100.000 0.038
101.000 0.028
102.000 0.059
103.000 0.066
104.000 0.040
105.000 0.021
106.000 0.046
108.000 0.035
109.000 0.032
110.000 0.047
111.000 0.037
112.000 0.038
113.000 0.034
114.000 0.037
115.000 0.018
116.000 0.045
117.000 0.049
118.000 0.040
119.000 0.038
120.000 0.033
121.000 0.056
122.000 0.035
123.000 0.028
124.000 0.087
125.000 0.032
127.000 0.033
128.000 0.039
129.000 0.044
130.000 0.041
131.000 0.053
132.000 0.059
133.000 0.062
134.000 0.041
135.000 0.027
136.000 0.034
137.000 0.037
138.000 0.049
139.000 0.038
140.000 0.034
141.000 0.047
142.000 0.053
143.000 0.064
144.000 0.064
145.000 0.036
146.000 0.033
148.000 0.040
149.000 0.028
150.000 0.037
151.000 0.037
152.000 0.035
153.000 0.043
154.000 0.026
155.000 0.024
156.000 0.028
157.000 0.028
158.000 0.023
159.000 0.025
160.000 0.031
161.000 0.030
162.000 0.038
163.000 0.029
164.000 0.047
165.000 0.038
167.000 0.032
168.000 0.047
169.000 0.043
170.000 0.044
171.000 0.041
172.000 0.042
173.000 0.027
174.000 0.045
175.000 0.027
176.000 0.033
177.000 0.036
178.000 0.028
179.000 0.039
180.000 0.033
181.000 0.044
182.000 0.029
183.000 0.034
184.000 0.035
186.000 0.026
187.000 0.052
188.000 0.036
189.000 0.054
190.000 0.033
191.000 0.043
192.000 0.029
193.000 0.024
194.000 0.029
195.000 0.022
196.000 0.031
197.000 0.027
198.000 0.028
199.000 0.023
200.000 0.033
201.000 0.031
202.000 0.029
203.000 0.035
204.000 0.029
206.000 0.022
207.000 0.029
208.000 0.029
209.000 0.028
210.000 0.040
211.000 0.020
212.000 0.035
213.000 0.035
214.000 0.035
215.000 0.025
216.000 0.029
217.000 0.026
218.000 0.031
219.000 0.029
220.000 0.026
221.000 0.031
222.000 0.033
223.000 0.028
224.000 0.037
226.000 0.024
227.000 0.018
228.000 0.033
229.000 0.032
230.000 0.032
231.000 0.038
232.000 0.038
233.000 0.033
234.000 0.038
235.000 0.031
236.000 0.028
237.000 0.035
238.000 0.028
239.000 0.018
240.000 0.026
241.000 0.027
242.000 0.028
243.000 0.027
245.000 0.027
246.000 0.029
247.000 0.020
248.000 0.031
249.000 0.031
250.000 0.034
251.000 0.032
252.000 0.021
253.000 0.031
254.000 0.036
255.000 0.036
256.000 0.027
257.000 0.029
258.000 0.023
259.000 0.029
260.000 0.031
261.000 0.029
263.000 0.039
264.000 0.034
265.000 0.032
266.000 0.038
267.000 0.044
268.000 0.034
269.000 0.037
270.000 0.037
271.000 0.037
272.000 0.033
273.000 0.043
274.000 0.034
275.000 0.038
276.000 0.033
277.000 0.040
278.000 0.032
280.000 0.032
281.000 0.041
282.000 0.035
283.000 0.037
284.000 0.047
285.000 0.036
286.000 0.043
287.000 0.038
288.000 0.040
289.000 0.040
290.000 0.046
291.000 0.040
292.000 0.037
293.000 0.041
294.000 0.051
295.000 0.043
296.000 0.043
298.000 0.042
299.000 0.041
300.000 0.045
301.000 0.041
302.000 0.054
303.000 0.049
304.000 0.062
305.000 0.056
306.000 0.049
307.000 0.050
308.000 0.058
309.000 0.056
310.000 0.051
312.000 0.059
313.000 0.056
314.000 0.055
315.000 0.059
316.000 0.058
317.000 0.066
318.000 0.061
319.000 0.059
320.000 0.056
321.000 0.070
322.000 0.063
323.000 0.065
324.000 0.065
326.000 0.071
327.000 0.074
328.000 0.070
329.000 0.072
330.000 0.074
331.000 0.076
332.000 0.080
333.000 0.096
334.000 0.085
335.000 0.089
336.000 0.093
337.000 0.096
338.000 0.100
339.000 0.096
340.000 0.100
342.000 0.104
343.000 0.109
344.000 0.109
345.000 0.112
346.000 0.120
347.000 0.126
348.000 0.132
349.000 0.133
350.000 0.147
351.000 0.146
352.000 0.155
353.000 0.170
354.000 0.171
355.000 0.187
357.000 0.192
358.000 0.211
359.000 0.210
360.000 0.232
361.000 0.249
362.000 0.257
363.000 0.279
364.000 0.305
365.000 0.319
366.000 0.344
367.000 0.389
368.000 0.406
369.000 0.459
371.000 0.499
372.000 0.566
373.000 0.644
374.000 0.728
375.000 0.768
376.000 0.844
377.000 0.910
378.000 0.928
379.000 0.932
380.000 0.877
381.000 0.777
382.000 0.733
384.000 0.660
385.000 0.572
386.000 0.518
387.000 0.488
388.000 0.448
389.000 0.405
390.000 0.382
391.000 0.355
392.000 0.342
393.000 0.333
394.000 0.308
395.000 0.294
396.000 0.276
397.000 0.268
398.000 0.257
399.000 0.249
400.000 0.240
401.000 0.233
403.000 0.220
404.000 0.212
405.000 0.207
406.000 0.197
407.000 0.194
408.000 0.184
409.000 0.178
410.000 0.179
411.000 0.168
412.000 0.166
413.000 0.159
414.000 0.154
415.000 0.148
416.000 0.142
417.000 0.141
419.000 0.133
420.000 0.131
421.000 0.130
422.000 0.129
423.000 0.118
424.000 0.118
425.000 0.112
426.000 0.106
427.000 0.114
428.000 0.109
429.000 0.103
430.000 0.096
431.000 0.100
432.000 0.097
433.000 0.092
435.000 0.089
436.000 0.085
437.000 0.084
438.000 0.081
439.000 0.082
440.000 0.081
441.000 0.074
442.000 0.072
443.000 0.068
444.000 0.067
445.000 0.061
446.000 0.069
447.000 0.062
448.000 0.063
449.000 0.063
451.000 0.063
452.000 0.060
453.000 0.061
454.000 0.055
455.000 0.051
456.000 0.050
457.000 0.049
458.000 0.051
459.000 0.044
460.000 0.047
461.000 0.041
462.000 0.044
463.000 0.046
464.000 0.048
465.000 0.037
466.000 0.036
467.000 0.037
469.000 0.036
470.000 0.034
471.000 0.043
472.000 0.031
473.000 0.037
474.000 0.033
475.000 0.034
476.000 0.036
477.000 0.028
478.000 0.030
479.000 0.027
480.000 0.035
481.000 0.028
482.000 0.029
483.000 0.030
485.000 0.026
486.000 0.033
487.000 0.032
488.000 0.031
489.000 0.026
490.000 0.027
491.000 0.031
492.000 0.024
493.000 0.021
494.000 0.025
495.000 0.026
496.000 0.024
497.000 0.022
498.000 0.025
500.000 0.023
501.000 0.021
502.000 0.023
503.000 0.019
504.000 0.025
505.000 0.022
506.000 0.020
507.000 0.017
508.000 0.023
509.000 0.017
510.000 0.019
511.000 0.018
512.000 0.016
514.000 0.022
515.000 0.016
516.000 0.020
517.000 0.021
518.000 0.016
519.000 0.015
520.000 0.017
521.000 0.019
522.000 0.017
523.000 0.024
524.000 0.014
525.000 0.018
526.000 0.013
528.000 0.015
529.000 0.016
530.000 0.019
531.000 0.015
532.000 0.015
533.000 0.013
534.000 0.019
535.000 0.017
536.000 0.018
537.000 0.011
538.000 0.016
539.000 0.011
540.000 0.017
541.000 0.012
543.000 0.013
544.000 0.015
545.000 0.012
546.000 0.012
547.000 0.011
548.000 0.013
549.000 0.013
550.000 0.014
551.000 0.011
552.000 0.015
553.000 0.010
554.000 0.019
556.000 0.012
557.000 0.022
558.000 0.011
559.000 0.013
560.000 0.014
561.000 0.014
562.000 0.019
563.000 0.007
564.000 0.018
565.000 0.014
566.000 0.017
567.000 0.011
568.000 0.011
570.000 0.011
571.000 0.013
572.000 0.013
573.000 0.014
574.000 0.018
575.000 0.011
576.000 0.009
577.000 0.010
578.000 0.012
579.000 0.015
580.000 0.012
581.000 0.011
582.000 0.017
584.000 0.009
585.000 0.012
586.000 0.014
587.000 0.015
588.000 0.012
589.000 0.016
590.000 0.008
591.000 0.015
592.000 0.011
593.000 0.011
594.000 0.012
595.000 0.013
596.000 0.009
598.000 0.010
599.000 0.012
600.000 0.012
601.000 0.011
602.000 0.012
603.000 0.011
604.000 0.011
605.000 0.010
606.000 0.009
607.000 0.011
608.000 0.018
609.000 0.011
610.000 0.009
611.000 0.008
613.000 0.009
614.000 0.017
615.000 0.016
616.000 0.010
617.000 0.014
618.000 0.015
619.000 0.013
620.000 0.009
621.000 0.009
622.000 0.015
623.000 0.011
624.000 0.010
626.000 0.010
627.000 0.016
628.000 0.014
629.000 0.013
630.000 0.010
631.000 0.014
632.000 0.014
633.000 0.012
634.000 0.010
635.000 0.010
636.000 0.011
637.000 0.014
638.000 0.011
640.000 0.015
641.000 0.010
642.000 0.011
643.000 0.018
644.000 0.014
645.000 0.011
646.000 0.014
647.000 0.010
648.000 0.009
649.000 0.010
650.000 0.012
651.000 0.011
652.000 0.013
654.000 0.012
655.000 0.009
656.000 0.007
657.000 0.013
658.000 0.011
659.000 0.014
660.000 0.009
661.000 0.011
662.000 0.010
663.000 0.022
664.000 0.011
665.000 0.007
666.000 0.011
668.000 0.013
669.000 0.017
670.000 0.014
671.000 0.013
672.000 0.012
673.000 0.012
674.000 0.011
675.000 0.007
676.000 0.008
677.000 0.008
678.000 0.017
679.000 0.012
681.000 0.010
682.000 0.013
683.000 0.011
684.000 0.014
685.000 0.011
686.000 0.011
687.000 0.008
688.000 0.011
689.000 0.009
691.000 0.011
692.000 0.014
693.000 0.011
694.000 0.009
695.000 0.010
696.000 0.009
697.000 0.012
698.000 0.008
699.000 0.014
700.000 0.010
702.000 0.010
703.000 0.009
704.000 0.019
705.000 0.011
706.000 0.014
707.000 0.008
708.000 0.009
709.000 0.011
710.000 0.012
711.000 0.012
713.000 0.012
714.000 0.012
715.000 0.010
716.000 0.016
717.000 0.008
718.000 0.009
719.000 0.011
720.000 0.012
721.000 0.013
723.000 0.009
724.000 0.008
725.000 0.014
726.000 0.012
727.000 0.011
728.000 0.008
729.000 0.006
730.000 0.012
731.000 0.013
732.000 0.010
733.000 0.012
735.000 0.008
736.000 0.012
737.000 0.009
738.000 0.015
739.000 0.009
740.000 0.012
741.000 0.012
742.000 0.010
743.000 0.011
744.000 0.014
746.000 0.008
747.000 0.010
748.000 0.007
749.000 0.013
750.000 0.011
751.000 0.008
752.000 0.010
753.000 0.015
754.000 0.013
756.000 0.010
757.000 0.008
758.000 0.008
759.000 0.011
760.000 0.011
761.000 0.008
762.000 0.013
763.000 0.011
764.000 0.012
765.000 0.010
766.000 0.012
768.000 0.010
769.000 0.011
770.000 0.009
771.000 0.010
772.000 0.010
773.000 0.011
774.000 0.009
775.000 0.010
777.000 0.009
778.000 0.014
779.000 0.013
780.000 0.012
781.000 0.015
782.000 0.010
783.000 0.012
785.000 0.011
786.000 0.012
787.000 0.014
788.000 0.010
789.000 0.008
790.000 0.008
791.000 0.012
792.000 0.011
793.000 0.012
794.000 0.010
796.000 0.010
797.000 0.012
798.000 0.011
799.000 0.010
800.000 0.010
801.000 0.008
802.000 0.010
803.000 0.007
804.000 0.011
805.000 0.014
806.000 0.010
808.000 0.010
809.000 0.008
810.000 0.011
811.000 0.012
812.000 0.009
813.000 0.007
814.000 0.011
815.000 0.009
816.000 0.010
817.000 0.015
818.000 0.015
820.000 0.012
821.000 0.010
822.000 0.011
823.000 0.017
824.000 0.012
825.000 0.011
826.000 0.007
827.000 0.009
829.000 0.010
830.000 0.012
831.000 0.010
832.000 0.011
833.000 0.009
834.000 0.011
835.000 0.010
837.000 0.009
838.000 0.015
839.000 0.011
840.000 0.009
841.000 0.008
842.000 0.008
843.000 0.009
844.000 0.008
845.000 0.010
846.000 0.010
847.000 0.009
849.000 0.012
850.000 0.012
851.000 0.009
852.000 0.013
853.000 0.009
854.000 0.011
855.000 0.016
856.000 0.007
857.000 0.009
858.000 0.012
859.000 0.009
861.000 0.012
862.000 0.008
863.000 0.012
864.000 0.010
865.000 0.008
866.000 0.012
867.000 0.010
868.000 0.009
869.000 0.010
870.000 0.009
872.000 0.009
873.000 0.010
874.000 0.009
875.000 0.008
876.000 0.008
877.000 0.010
878.000 0.011
879.000 0.008
880.000 0.007
882.000 0.012
883.000 0.006
884.000 0.010
885.000 0.010
886.000 0.012
887.000 0.011
888.000 0.013
889.000 0.009
890.000 0.010
892.000 0.011
893.000 0.007
894.000 0.009
895.000 0.012
896.000 0.011
897.000 0.009
898.000 0.007
899.000 0.011
900.000 0.010
902.000 0.007
903.000 0.007
904.000 0.008
905.000 0.010
906.000 0.006
907.000 0.011
908.000 0.009
909.000 0.008
910.000 0.013
912.000 0.008
913.000 0.010
914.000 0.009
915.000 0.010
916.000 0.011
917.000 0.010
918.000 0.010
919.000 0.010
920.000 0.012
922.000 0.008
923.000 0.007
924.000 0.007
925.000 0.011
926.000 0.010
927.000 0.007
928.000 0.011
929.000 0.007
930.000 0.010
932.000 0.008
933.000 0.006
934.000 0.008
935.000 0.008
936.000 0.008
937.000 0.010
939.000 0.006
940.000 0.008
941.000 0.011
942.000 0.010
943.000 0.015
944.000 0.010
945.000 0.012
946.000 0.008
947.000 0.011
948.000 0.006
950.000 0.009
951.000 0.014
952.000 0.011
953.000 0.011
954.000 0.009
955.000 0.011
956.000 0.009
957.000 0.011
958.000 0.013
960.000 0.008
961.000 0.013
962.000 0.013
963.000 0.008
964.000 0.007
965.000 0.009
966.000 0.010
967.000 0.007
969.000 0.009
970.000 0.010
971.000 0.008
972.000 0.009
973.000 0.010
974.000 0.008
975.000 0.009
976.000 0.007
978.000 0.009
979.000 0.010
980.000 0.004
981.000 0.008
982.000 0.009
983.000 0.008
984.000 0.011
985.000 0.009
987.000 0.008
988.000 0.011
989.000 0.015
990.000 0.009
991.000 0.009
992.000 0.009
993.000 0.007
994.000 0.007
995.000 0.011
996.000 0.010
997.000 0.007
999.000 0.012
1000.000 0.007
1001.000 0.007
1002.000 0.009
1003.000 0.011
1004.000 0.008
1005.000 0.011
1006.000 0.009
1007.000 0.008
1009.000 0.010
1010.000 0.011
1011.000 0.010
1012.000 0.010
1013.000 0.010
1014.000 0.007
1015.000 0.010
1016.000 0.007
1017.000 0.009
1018.000 0.010
1020.000 0.008
1021.000 0.008
1022.000 0.008
1023.000 0.010
1024.000 0.011
1025.000 0.008
1026.000 0.008
1027.000 0.011
1029.000 0.010
1030.000 0.007
1031.000 0.010
1032.000 0.010
1033.000 0.010
1034.000 0.007
1035.000 0.008
1036.000 0.008
1037.000 0.009
1039.000 0.009
1040.000 0.009
1041.000 0.011
1042.000 0.010
1043.000 0.010
1044.000 0.011
1045.000 0.009
1046.000 0.008
1047.000 0.007
1048.000 0.007
1050.000 0.010
1051.000 0.009
1052.000 0.007
1053.000 0.007
1054.000 0.010
1055.000 0.008
1056.000 0.009
1057.000 0.009
1058.000 0.012
1059.000 0.012
1060.000 0.009
1062.000 0.010
1063.000 0.011
1064.000 0.005
1065.000 0.007
1066.000 0.010
1067.000 0.009
1068.000 0.008
1069.000 0.008
1070.000 0.007
1072.000 0.007
1073.000 0.013
1074.000 0.009
1075.000 0.008
1076.000 0.007
1077.000 0.009
1078.000 0.010
1079.000 0.011
1081.000 0.009
1082.000 0.007
1083.000 0.009
1084.000 0.008
1085.000 0.008
1086.000 0.009
1087.000 0.008
1088.000 0.007
1089.000 0.012
1091.000 0.009
1092.000 0.006
1093.000 0.008
1094.000 0.008
1095.000 0.009
1096.000 0.009
1097.000 0.007
1098.000 0.005
1100.000 0.010
1101.000 0.008
1102.000 0.008
1103.000 0.008
1104.000 0.009
1105.000 0.009
1106.000 0.009
1107.000 0.009
1108.000 0.009
1110.000 0.011
1111.000 0.010
1112.000 0.008
1113.000 0.006
1114.000 0.008
1115.000 0.007
1116.000 0.009
1118.000 0.010
1119.000 0.009
1120.000 0.010
1121.000 0.007
1122.000 0.008
1123.000 0.011
1124.000 0.010
1125.000 0.007
1127.000 0.009
1128.000 0.010
1129.000 0.005
1130.000 0.010
1131.000 0.006
1132.000 0.009
1133.000 0.011
1134.000 0.009
1135.000 0.007
1137.000 0.007
1138.000 0.009
1139.000 0.011
1140.000 0.010
1141.000 0.009
1142.000 0.007
1143.000 0.008
1144.000 0.009
1145.000 0.006
1146.000 0.008
1148.000 0.009
1149.000 0.007
1150.000 0.007
1151.000 0.010
1152.000 0.008
1153.000 0.006
1154.000 0.007
1155.000 0.006
1157.000 0.007
1158.000 0.005
1159.000 0.008
1160.000 0.008
1161.000 0.008
1162.000 0.011
1163.000 0.012
1164.000 0.006
1166.000 0.009
1167.000 0.008
1168.000 0.008
1169.000 0.012
1170.000 0.007
1171.000 0.008
1172.000 0.012
1174.000 0.010
1175.000 0.007
1176.000 0.008
1177.000 0.010
1178.000 0.007
1179.000 0.006
1180.000 0.008
1181.000 0.009
1182.000 0.006
1184.000 0.008
1185.000 0.007
1186.000 0.011
1187.000 0.009
1188.000 0.007
1189.000 0.009
1190.000 0.009
1192.000 0.008
1193.000 0.007
1194.000 0.010
1195.000 0.007
1196.000 0.008
1197.000 0.009
1198.000 0.008
1199.000 0.007
1201.000 0.010
1202.000 0.008
1203.000 0.010
1204.000 0.008
1205.000 0.009
1206.000 0.010
1207.000 0.007
1209.000 0.009
1210.000 0.008
1211.000 0.009
1212.000 0.008
1213.000 0.009
1214.000 0.009
1216.000 0.009
1217.000 0.008
1218.000 0.010
1219.000 0.007
1220.000 0.010
1221.000 0.006
1222.000 0.006
1223.000 0.008
1225.000 0.010
1226.000 0.007
1227.000 0.013
1228.000 0.010
1229.000 0.008
1230.000 0.010
1231.000 0.010
1232.000 0.009
1234.000 0.006
1235.000 0.010
1236.000 0.005
1237.000 0.010
1238.000 0.007
1239.000 0.010
1240.000 0.007
1241.000 0.006
1243.000 0.011
1244.000 0.008
1245.000 0.008
1246.000 0.009
1247.000 0.009
1248.000 0.008
1249.000 0.010
1250.000 0.008
1252.000 0.009
1253.000 0.008
1254.000 0.008
1255.000 0.008
1256.000 0.009
1257.000 0.008
1258.000 0.011
1260.000 0.012
1261.000 0.013
1262.000 0.005
1263.000 0.008
1264.000 0.008
1265.000 0.008
1266.000 0.008
1268.000 0.008
1269.000 0.007
1270.000 0.010
1271.000 0.008
1272.000 0.006
1273.000 0.006
1274.000 0.010
1276.000 0.007
1277.000 0.008
1278.000 0.007
1279.000 0.008
1280.000 0.010
1282.000 0.010
1283.000 0.009
1284.000 0.009
1285.000 0.007
1286.000 0.008
1287.000 0.013
1288.000 0.008
1289.000 0.011
1291.000 0.007
1292.000 0.010
1293.000 0.007
1294.000 0.006
1295.000 0.009
1296.000 0.008
1297.000 0.008
1299.000 0.008
1300.000 0.011
1301.000 0.010
1302.000 0.010
1303.000 0.010
1304.000 0.007
1305.000 0.011
1307.000 0.010
1308.000 0.008
1309.000 0.009
1310.000 0.006
1311.000 0.009
1312.000 0.010
1313.000 0.009
1314.000 0.012
1316.000 0.007
1317.000 0.006
1318.000 0.008
1319.000 0.008
1320.000 0.008
1321.000 0.007
1322.000 0.006
1324.000 0.008
1325.000 0.008
1326.000 0.007
1327.000 0.009
1328.000 0.007
1329.000 0.007
1331.000 0.008
1332.000 0.011
1333.000 0.011
1334.000 0.011
1335.000 0.007
1336.000 0.008
1337.000 0.010
1338.000 0.006
1340.000 0.006
1341.000 0.008
1342.000 0.008
1343.000 0.009
1344.000 0.007
1345.000 0.008
1346.000 0.010
1348.000 0.009
1349.000 0.009
1350.000 0.006
1351.000 0.007
1352.000 0.006
1353.000 0.006
1355.000 0.008
1356.000 0.008
1357.000 0.009
1358.000 0.007
1359.000 0.008
1360.000 0.007
1361.000 0.010
1362.000 0.007
1363.000 0.011
1365.000 0.007
1366.000 0.007
1367.000 0.006
1368.000 0.007
1369.000 0.009
1370.000 0.008
1371.000 0.007
1372.000 0.006
1374.000 0.006
1375.000 0.009
1376.000 0.009
1377.000 0.006
1378.000 0.007
1379.000 0.007
1380.000 0.008
1381.000 0.008
1383.000 0.007
1384.000 0.008
1385.000 0.008
1386.000 0.006
1387.000 0.009
1388.000 0.007
1390.000 0.007
1391.000 0.009
1392.000 0.010
1393.000 0.009
1394.000 0.010
1395.000 0.008
1396.000 0.005
1397.000 0.006
1399.000 0.006
1400.000 0.010
1401.000 0.010
1402.000 0.009
1403.000 0.008
1404.000 0.006
1405.000 0.007
1407.000 0.006
1408.000 0.007
1409.000 0.007
1410.000 0.005
1411.000 0.009
1412.000 0.009
1414.000 0.007
1415.000 0.011
1416.000 0.007
1417.000 0.010
1418.000 0.007
1419.000 0.008
1420.000 0.009
1422.000 0.009
1423.000 0.006
1424.000 0.009
1425.000 0.008
1426.000 0.009
1427.000 0.008
1428.000 0.009
1429.000 0.010
1431.000 0.008
1432.000 0.007
1433.000 0.009
1434.000 0.010
1435.000 0.009
1436.000 0.008
1438.000 0.011
1439.000 0.008
1440.000 0.009
1441.000 0.006
1442.000 0.006
1443.000 0.008
1444.000 0.008
1446.000 0.012
1447.000 0.007
1448.000 0.006
1449.000 0.010
1451.000 0.008
1452.000 0.005
1453.000 0.009
1454.000 0.010
1455.000 0.010
1456.000 0.006
1458.000 0.007
1459.000 0.010
1460.000 0.011
1461.000 0.008
1462.000 0.007
1463.000 0.009
1464.000 0.010
1466.000 0.010
1467.000 0.005
1468.000 0.006
1469.000 0.008
1470.000 0.008
1472.000 0.010
1473.000 0.007
1474.000 0.007
1475.000 0.007
1476.000 0.009
1477.000 0.005
1478.000 0.009
1480.000 0.008
1481.000 0.007
1482.000 0.007
1483.000 0.007
1484.000 0.010
1485.000 0.010
1486.000 0.009
1488.000 0.010
1489.000 0.008
1490.000 0.006
1491.000 0.006
1492.000 0.006
1493.000 0.007
1494.000 0.009
1495.000 0.008
1497.000 0.009
1498.000 0.010
1499.000 0.009
1500.000 0.006
1501.000 0.007
1503.000 0.008
1504.000 0.005
1505.000 0.010
1506.000 0.009
1507.000 0.008
1508.000 0.006
1509.000 0.009
1511.000 0.008
1512.000 0.008
1513.000 0.007
1514.000 0.010
1515.000 0.012
1516.000 0.012
1517.000 0.007
1519.000 0.011
1520.000 0.008
1521.000 0.006
1522.000 0.007
1523.000 0.007
1524.000 0.006
1526.000 0.008
1527.000 0.006
1528.000 0.008
1529.000 0.008
1530.000 0.007
1531.000 0.007
1532.000 0.008
1534.000 0.006
1535.000 0.009
1536.000 0.008
1537.000 0.008
1538.000 0.007
1539.000 0.008
1540.000 0.007
1541.000 0.008
1542.000 0.008
1544.000 0.005
1545.000 0.006
1546.000 0.006
1547.000 0.007
1548.000 0.011
1549.000 0.010
1550.000 0.007
1552.000 0.007
1553.000 0.008
1554.000 0.006
1555.000 0.006
1556.000 0.008
1557.000 0.007
1558.000 0.007
1560.000 0.006
1561.000 0.009
1562.000 0.010
1563.000 0.008
1564.000 0.007
1565.000 0.006
1566.000 0.005
1568.000 0.006
1569.000 0.007
1570.000 0.006
1571.000 0.007
1572.000 0.007
1573.000 0.008
1574.000 0.009
1576.000 0.009
1577.000 0.007
1578.000 0.005
1579.000 0.008
1580.000 0.008
1581.000 0.005
1582.000 0.008
1584.000 0.007
1585.000 0.006
1586.000 0.009
1587.000 0.009
1588.000 0.008
1589.000 0.009
1590.000 0.008
1592.000 0.008
1593.000 0.006
1594.000 0.008
1595.000 0.007
1596.000 0.007
1597.000 0.006
1598.000 0.006
1600.000 0.008
1601.000 0.009
1602.000 0.007
1603.000 0.006
1604.000 0.009
1605.000 0.007
1607.000 0.011
1608.000 0.006
1609.000 0.011
1610.000 0.006
1611.000 0.007
1612.000 0.006
1613.000 0.008
1615.000 0.008
1616.000 0.009
1617.000 0.009
1618.000 0.006
1619.000 0.007
1620.000 0.007
1621.000 0.009
1622.000 0.008
1624.000 0.008
1625.000 0.009
1626.000 0.009
1627.000 0.010
1628.000 0.008
1629.000 0.007
1631.000 0.007
1632.000 0.008
1633.000 0.006
1634.000 0.011
1635.000 0.009
1636.000 0.007
1637.000 0.007
1639.000 0.005
1640.000 0.009
1641.000 0.006
1642.000 0.007
1643.000 0.007
1644.000 0.011
1645.000 0.008
1646.000 0.009
1648.000 0.007
1649.000 0.008
1650.000 0.008
1651.000 0.007
1652.000 0.010
1653.000 0.006
1655.000 0.007
1656.000 0.008
1657.000 0.006
1658.000 0.009
1659.000 0.008
1661.000 0.007
1662.000 0.007
1663.000 0.006
1664.000 0.008
1665.000 0.009
1666.000 0.006
1667.000 0.005
1669.000 0.007
1670.000 0.007
1671.000 0.008
1672.000 0.008
1673.000 0.009
1674.000 0.007
1676.000 0.007
1677.000 0.008
1678.000 0.006
1679.000 0.008
1680.000 0.009
1681.000 0.007
1682.000 0.008
1684.000 0.005
1685.000 0.007
1686.000 0.009
1687.000 0.005
1688.000 0.009
1689.000 0.007
1690.000 0.009
1691.000 0.007
1693.000 0.007
1694.000 0.008
1695.000 0.007
1696.000 0.009
1697.000 0.007
1699.000 0.010
1700.000 0.007
1701.000 0.009
1702.000 0.007
1703.000 0.007
1704.000 0.006
1705.000 0.009
1707.000 0.006
1708.000 0.006
1709.000 0.007
1710.000 0.006
1711.000 0.009
1712.000 0.007
1713.000 0.008
1715.000 0.007
1716.000 0.007
1717.000 0.006
1718.000 0.008
1719.000 0.008
1721.000 0.008
1722.000 0.007
1723.000 0.007
1724.000 0.008
1725.000 0.006
1727.000 0.005
1728.000 0.008
1729.000 0.007
1730.000 0.006
1731.000 0.010
1733.000 0.008
1734.000 0.009
1735.000 0.007
1736.000 0.006
1737.000 0.007
1738.000 0.008
1740.000 0.006
1741.000 0.007
1742.000 0.006
1743.000 0.008
1744.000 0.008
1745.000 0.006
1747.000 0.008
1748.000 0.007
1749.000 0.006
1750.000 0.009
1751.000 0.006
1753.000 0.008
1754.000 0.006
1755.000 0.007
1756.000 0.008
1757.000 0.008
1759.000 0.007
1760.000 0.008
1761.000 0.009
1762.000 0.007
1763.000 0.009
1764.000 0.006
1766.000 0.005
1767.000 0.008
1768.000 0.007
1769.000 0.008
1771.000 0.008
1772.000 0.009
1773.000 0.007
1774.000 0.008
1775.000 0.007
1777.000 0.008
1778.000 0.006
1779.000 0.008
1780.000 0.008
1781.000 0.008
1782.000 0.008
1784.000 0.005
1785.000 0.007
1786.000 0.006
1787.000 0.007
1788.000 0.007
1790.000 0.008
1791.000 0.006
1792.000 0.008
1793.000 0.008
1795.000 0.009
1796.000 0.006
1797.000 0.006
1798.000 0.007
1799.000 0.008
1800.000 0.009
1801.000 0.009
1802.000 0.006
1804.000 0.007
1805.000 0.008
1806.000 0.006
1807.000 0.006
1808.000 0.008
1810.000 0.008
1811.000 0.007
1812.000 0.007
1813.000 0.004
1814.000 0.007
1815.000 0.007
1817.000 0.007
1818.000 0.007
1819.000 0.008
1820.000 0.009
1821.000 0.006
1823.000 0.007
1824.000 0.005
1825.000 0.006
1826.000 0.008
1828.000 0.006
1829.000 0.008
1830.000 0.009
1831.000 0.008
1832.000 0.006
1833.000 0.007
1835.000 0.008
1836.000 0.008
1837.000 0.007
1838.000 0.008
1839.000 0.006
1841.000 0.007
1842.000 0.005
1843.000 0.007
1844.000 0.008
1845.000 0.007
1846.000 0.008
1848.000 0.010
1849.000 0.006
1850.000 0.009
1851.000 0.005
1852.000 0.006
1853.000 0.005
1855.000 0.006
1856.000 0.007
1857.000 0.007
1858.000 0.008
1859.000 0.007
1860.000 0.005
1861.000 0.008
1863.000 0.007
1864.000 0.006
1865.000 0.007
1867.000 0.008
1868.000 0.009
1869.000 0.007
1870.000 0.009
1871.000 0.007
1872.000 0.006
1873.000 0.006
1874.000 0.005
1876.000 0.008
1877.000 0.007
1878.000 0.007
1879.000 0.007
1880.000 0.006
1881.000 0.010
1883.000 0.007
1884.000 0.006
1885.000 0.004
1886.000 0.006
1887.000 0.005
1889.000 0.007
1890.000 0.007
1891.000 0.006
1892.000 0.006
1894.000 0.007
1895.000 0.005
1896.000 0.005
1897.000 0.005
1898.000 0.007
1900.000 0.007
1901.000 0.005
1902.000 0.006
1903.000 0.010
1904.000 0.005
1906.000 0.006
1907.000 0.007
1908.000 0.005
1909.000 0.005
1910.000 0.006
1911.000 0.006
1912.000 0.007
1914.000 0.007
1915.000 0.005
1916.000 0.006
1917.000 0.005
1918.000 0.007
1920.000 0.005
1921.000 0.004
1922.000 0.006
1923.000 0.007
1924.000 0.006
1925.000 0.009
1927.000 0.005
1928.000 0.008
1929.000 0.008
1930.000 0.005
1931.000 0.008
1932.000 0.006
1934.000 0.007
1935.000 0.006
1936.000 0.008
1937.000 0.004
1938.000 0.005
1940.000 0.007
1941.000 0.006
1942.000 0.005
1943.000 0.008
1944.000 0.006
1945.000 0.006
1947.000 0.006
1948.000 0.006
1949.000 0.007
1950.000 0.005
1951.000 0.006
1953.000 0.007
1954.000 0.005
1955.000 0.007
1956.000 0.004
1957.000 0.006
1958.000 0.005
1960.000 0.008
1961.000 0.005
1962.000 0.005
1963.000 0.006
1964.000 0.007
1966.000 0.006
1967.000 0.007
1968.000 0.005
1969.000 0.006
1970.000 0.006
1971.000 0.007
1973.000 0.005
1974.000 0.005
1975.000 0.008
1976.000 0.007
1977.000 0.008
1979.000 0.007
1980.000 0.007
1981.000 0.005
1982.000 0.006
1983.000 0.005
1984.000 0.006
1986.000 0.007
1987.000 0.007
1988.000 0.006
1989.000 0.008
1990.000 0.006
1992.000 0.005
1993.000 0.005
1994.000 0.009
1995.000 0.006
1996.000 0.005
1997.000 0.006
1999.000 0.007
2000.000 0.005
2001.000 0.005
2002.000 0.007
2004.000 0.006
2005.000 0.007
2006.000 0.005
2007.000 0.006
2008.000 0.007
2010.000 0.006
2011.000 0.006
2012.000 0.004
2014.000 0.007
2015.000 0.006
2016.000 0.005
2017.000 0.006
2018.000 0.005
2020.000 0.007
2021.000 0.004
2022.000 0.006
2023.000 0.006
2024.000 0.007
2026.000 0.005
2027.000 0.005
2028.000 0.006
2029.000 0.003
2031.000 0.007
2032.000 0.005
2033.000 0.007
2034.000 0.006
2035.000 0.007
2036.000 0.005
2038.000 0.006
2039.000 0.005
2040.000 0.004
2041.000 0.006
2042.000 0.006
2044.000 0.005
2045.000 0.006
2046.000 0.006
2047.000 0.006
2048.000 0.005
2050.000 0.005
2051.000 0.006
2052.000 0.007
2053.000 0.005
2054.000 0.006
2056.000 0.008
2057.000 0.005
2058.000 0.005
2059.000 0.005
2060.000 0.007
2062.000 0.006
2063.000 0.006
2064.000 0.006
2065.000 0.004
2066.000 0.007
2067.000 0.005
2069.000 0.006
2070.000 0.007
2071.000 0.007
2072.000 0.006
2073.000 0.007
2075.000 0.006
2076.000 0.008
2077.000 0.006
2078.000 0.009
2079.000 0.006
2080.000 0.007
2082.000 0.005
2083.000 0.006
2084.000 0.009
2085.000 0.008
2086.000 0.007
2088.000 0.006
2089.000 0.006
2090.000 0.007
2091.000 0.008
2092.000 0.008
2094.000 0.006
2095.000 0.008
2096.000 0.007
2097.000 0.007
2098.000 0.006
2100.000 0.006
2101.000 0.006
2102.000 0.005
2103.000 0.007
2104.000 0.005
2105.000 0.006
2107.000 0.007
2108.000 0.005
2109.000 0.007
2110.000 0.007
2111.000 0.006
2113.000 0.007
2114.000 0.008
2115.000 0.007
2116.000 0.007
2117.000 0.007
2119.000 0.008
2120.000 0.007
2121.000 0.006
2122.000 0.006
2123.000 0.007
2125.000 0.008
2126.000 0.007
2127.000 0.007
2128.000 0.007
2129.000 0.006
2131.000 0.007
2132.000 0.008
2133.000 0.007
2134.000 0.007
2135.000 0.007
2137.000 0.008
2138.000 0.007
2139.000 0.007
2140.000 0.007
2141.000 0.007
2143.000 0.009
2144.000 0.008
2145.000 0.008
2146.000 0.007
2148.000 0.010
2149.000 0.009
2150.000 0.009
2151.000 0.007
2152.000 0.009
2154.000 0.010
2155.000 0.010
2156.000 0.007
2157.000 0.008
2158.000 0.009
2159.000 0.008
2161.000 0.008
2162.000 0.007
2163.000 0.008
2164.000 0.010
2165.000 0.010
2167.000 0.009
2168.000 0.008
2169.000 0.011
2170.000 0.008
2171.000 0.007
2172.000 0.009
2174.000 0.009
2175.000 0.009
2176.000 0.009
2177.000 0.012
2179.000 0.009
2180.000 0.011
2181.000 0.012
2182.000 0.012
2184.000 0.011
2185.000 0.011
2186.000 0.010
2187.000 0.012
2188.000 0.011
2189.000 0.012
2191.000 0.010
2192.000 0.009
2193.000 0.012
2194.000 0.012
2195.000 0.013
2197.000 0.011
2198.000 0.012
2199.000 0.011
2200.000 0.013
2201.000 0.011
2203.000 0.014
2204.000 0.012
2205.000 0.013
2206.000 0.011
2208.000 0.014
2209.000 0.015
2210.000 0.015
2211.000 0.015
2212.000 0.014
2213.000 0.014
2215.000 0.015
2216.000 0.015
2217.000 0.016
2218.000 0.016
2219.000 0.017
2221.000 0.016
2222.000 0.018
2223.000 0.017
2224.000 0.017
2225.000 0.017
2227.000 0.018
2228.000 0.018
2229.000 0.018
2230.000 0.019
2231.000 0.021
2232.000 0.019
2234.000 0.023
2235.000 0.022
2236.000 0.020
2237.000 0.022
2238.000 0.021
2240.000 0.025
2241.000 0.024
2242.000 0.025
2243.000 0.026
2244.000 0.024
2246.000 0.029
2247.000 0.028
2248.000 0.027
2249.000 0.029
2250.000 0.030
2252.000 0.034
2253.000 0.032
2254.000 0.033
2255.000 0.037
2256.000 0.037
2257.000 0.039
2259.000 0.039
2260.000 0.043
2261.000 0.044
2262.000 0.047
2263.000 0.047
2265.000 0.047
2266.000 0.055
2267.000 0.056
2268.000 0.060
2270.000 0.063
2271.000 0.072
2272.000 0.075
2273.000 0.080
2274.000 0.084
2276.000 0.093
2277.000 0.106
2278.000 0.120
2279.000 0.130
2280.000 0.138
2282.000 0.151
2283.000 0.170
2284.000 0.178
2285.000 0.186
2287.000 0.176
2288.000 0.154
2289.000 0.111
2291.000 0.066
2292.000 0.055
2293.000 0.100
2294.000 0.139
2295.000 0.142
2297.000 0.133
2298.000 0.114
2299.000 0.110
2300.000 0.100
2302.000 0.095
2303.000 0.088
2304.000 0.083
2305.000 0.078
2307.000 0.078
2308.000 0.071
2309.000 0.066
2310.000 0.065
2312.000 0.062
2313.000 0.062
2314.000 0.059
2315.000 0.059
2317.000 0.055
2318.000 0.053
2319.000 0.052
2320.000 0.052
2321.000 0.050
2323.000 0.050
2324.000 0.048
2325.000 0.047
2326.000 0.049
2327.000 0.046
2329.000 0.045
2330.000 0.047
2331.000 0.042
2332.000 0.042
2333.000 0.047
2335.000 0.044
2336.000 0.042
2337.000 0.042
2338.000 0.043
2339.000 0.043
2341.000 0.040
2342.000 0.044
2343.000 0.041
2344.000 0.040
2346.000 0.040
2347.000 0.041
2348.000 0.042
2349.000 0.040
2351.000 0.042
2352.000 0.041
2353.000 0.039
2354.000 0.041
2356.000 0.043
2357.000 0.039
2358.000 0.042
2359.000 0.041
2360.000 0.045
2362.000 0.041
2363.000 0.041
2364.000 0.043
2365.000 0.041
2366.000 0.043
2367.000 0.044
2369.000 0.044
2370.000 0.046
2371.000 0.048
2372.000 0.046
2374.000 0.047
2375.000 0.049
2376.000 0.049
2377.000 0.049
2379.000 0.054
2380.000 0.052
2381.000 0.056
2382.000 0.057
2384.000 0.060
2385.000 0.062
2386.000 0.065
2387.000 0.070
2388.000 0.072
2390.000 0.076
2391.000 0.078
2392.000 0.086
2393.000 0.090
2395.000 0.099
2396.000 0.105
2397.000 0.116
2398.000 0.128
2399.000 0.139
2401.000 0.152
2402.000 0.161
2403.000 0.172
2404.000 0.179
2406.000 0.179
2407.000 0.168
2408.000 0.150
2409.000 0.129
2410.000 0.108
2412.000 0.096
2413.000 0.083
2414.000 0.075
2415.000 0.067
2416.000 0.061
2417.000 0.057
2419.000 0.055
2420.000 0.048
2421.000 0.047
2422.000 0.042
2423.000 0.038
2425.000 0.037
2426.000 0.035
2427.000 0.031
2428.000 0.032
2429.000 0.029
2431.000 0.028
2432.000 0.025
2433.000 0.026
2434.000 0.024
2436.000 0.024
2437.000 0.022
2438.000 0.021
2439.000 0.019
2441.000 0.020
2442.000 0.019
2443.000 0.018
2444.000 0.018
2446.000 0.018
2447.000 0.016
2448.000 0.014
2449.000 0.014
2451.000 0.015
2452.000 0.014
2453.000 0.015
2454.000 0.013
2455.000 0.012
2457.000 0.013
2458.000 0.012
2459.000 0.012
2460.000 0.012
2461.000 0.011
2463.000 0.012
2464.000 0.011
2465.000 0.011
2466.000 0.010
2467.000 0.010
2468.000 0.010
2470.000 0.011
2471.000 0.012
2472.000 0.010
2473.000 0.011
2475.000 0.009
2476.000 0.008
2477.000 0.009
2478.000 0.009
2480.000 0.012
2481.000 0.009
2482.000 0.008
2483.000 0.008
2485.000 0.008
2486.000 0.010
2487.000 0.008
2488.000 0.008
2490.000 0.007
2491.000 0.008
2492.000 0.007
2493.000 0.009
2495.000 0.008
2496.000 0.010
2497.000 0.007
2498.000 0.007
2500.000 0.009
2501.000 0.005
2502.000 0.006
2503.000 0.007
2505.000 0.008
2506.000 0.006
2507.000 0.008
2508.000 0.006
2510.000 0.009
2511.000 0.008
2512.000 0.007
2513.000 0.007
2515.000 0.006
2516.000 0.005
2517.000 0.006
2518.000 0.007
2520.000 0.006
2521.000 0.006
2522.000 0.007
2523.000 0.007
2525.000 0.007
2526.000 0.006
2527.000 0.007
2528.000 0.005
2529.000 0.007
2531.000 0.006
2532.000 0.007
2533.000 0.008
2534.000 0.007
2535.000 0.006
2537.000 0.006
2538.000 0.008
2539.000 0.006
2540.000 0.006
2541.000 0.006
2543.000 0.007
2544.000 0.005
2545.000 0.006
2546.000 0.005
2548.000 0.006
2549.000 0.004
2550.000 0.006
2551.000 0.006
2553.000 0.006
2554.000 0.006
2555.000 0.008
2556.000 0.007
2558.000 0.008
2559.000 0.006
2560.000 0.006
2561.000 0.008
2563.000 0.006
2564.000 0.008
2565.000 0.008
2566.000 0.008
2568.000 0.007
2569.000 0.006
2570.000 0.007
2571.000 0.008
2573.000 0.009
2574.000 0.005
2575.000 0.005
2576.000 0.008
2578.000 0.007
2579.000 0.004
2580.000 0.008
2581.000 0.006
2583.000 0.004
2584.000 0.005
2585.000 0.005
2586.000 0.005
2588.000 0.006
2589.000 0.005
2590.000 0.006
2591.000 0.007
2593.000 0.007
2594.000 0.008
2595.000 0.005
2596.000 0.007
2598.000 0.007
2599.000 0.009
2600.000 0.006
2601.000 0.007
2603.000 0.004
2604.000 0.007
2605.000 0.006
2606.000 0.006
2607.000 0.005
2609.000 0.006
2610.000 0.004
2611.000 0.006
2612.000 0.004
2613.000 0.006
2615.000 0.006
2616.000 0.006
2617.000 0.006
2618.000 0.005
2619.000 0.005
2621.000 0.005
2622.000 0.007
2623.000 0.006
2625.000 0.005
2626.000 0.006
2627.000 0.005
2628.000 0.006
2629.000 0.007
2631.000 0.006
2632.000 0.006
2633.000 0.006
2634.000 0.006
2636.000 0.005
2637.000 0.006
2638.000 0.006
2639.000 0.006
2641.000 0.007
2642.000 0.006
2643.000 0.007
2644.000 0.007
2646.000 0.005
2647.000 0.006
2648.000 0.006
2649.000 0.005
2651.000 0.005
2652.000 0.007
2653.000 0.006
2654.000 0.009
2655.000 0.005
2657.000 0.006
2658.000 0.004
2659.000 0.005
2660.000 0.005
2661.000 0.008
2663.000 0.009
2664.000 0.007
2665.000 0.005
2666.000 0.006
2667.000 0.006
2669.000 0.006
2670.000 0.007
2671.000 0.007
2672.000 0.006
2674.000 0.006
2675.000 0.005
2676.000 0.007
2677.000 0.007
2679.000 0.006
2680.000 0.007
2681.000 0.006
2682.000 0.007
2684.000 0.005
2685.000 0.005
2686.000 0.008
2687.000 0.006
2689.000 0.005
2690.000 0.006
2691.000 0.005
2692.000 0.006
2694.000 0.005
2695.000 0.005
2696.000 0.007
2697.000 0.006
2699.000 0.008
2700.000 0.005
2701.000 0.005
2702.000 0.007
2703.000 0.006
2704.000 0.007
2706.000 0.005
2707.000 0.007
2708.000 0.006
2709.000 0.006
2711.000 0.008
2712.000 0.005
2713.000 0.007
2714.000 0.008
2715.000 0.006
2717.000 0.004
2718.000 0.006
2719.000 0.006
2720.000 0.006
2722.000 0.006
2723.000 0.006
2724.000 0.005
2725.000 0.005
2727.000 0.006
2728.000 0.006
2729.000 0.005
2730.000 0.003
2732.000 0.006
2733.000 0.005
2734.000 0.005
2735.000 0.005
2737.000 0.005
2738.000 0.004
2739.000 0.004
2740.000 0.006
2742.000 0.006
2743.000 0.006
2744.000 0.005
2745.000 0.006
2747.000 0.006
2748.000 0.005
2749.000 0.005
2750.000 0.006
2752.000 0.006
2753.000 0.006
2754.000 0.007
2755.000 0.006
2757.000 0.006
2758.000 0.005
2759.000 0.006
2760.000 0.005
2762.000 0.006
2763.000 0.007
2764.000 0.005
2765.000 0.005
2767.000 0.006
2768.000 0.006
2769.000 0.004
2770.000 0.005
2772.000 0.005
2773.000 0.005
2774.000 0.007
2775.000 0.005
2777.000 0.005
2778.000 0.004
2779.000 0.004
2780.000 0.007
2782.000 0.006
2783.000 0.006
2784.000 0.006
2785.000 0.006
2787.000 0.004
2788.000 0.007
2789.000 0.007
2790.000 0.006
2792.000 0.005
2793.000 0.005
2794.000 0.007
2795.000 0.007
2797.000 0.006
2798.000 0.007
2799.000 0.006
2800.000 0.006
2802.000 0.005
2803.000 0.005
2804.000 0.005
2805.000 0.004
2807.000 0.006
2808.000 0.004
2809.000 0.004
2810.000 0.007
2812.000 0.004
2813.000 0.006
2814.000 0.005
2815.000 0.006
2817.000 0.006
2818.000 0.007
2819.000 0.004
2820.000 0.006
2821.000 0.006
2823.000 0.005
2824.000 0.006
2825.000 0.004
2826.000 0.006
2828.000 0.005
2829.000 0.006
2830.000 0.006
2831.000 0.005
2832.000 0.005
2834.000 0.005
2835.000 0.005
2836.000 0.006
2837.000 0.005
2838.000 0.005
2840.000 0.005
2841.000 0.005
2842.000 0.006
2843.000 0.005
2845.000 0.006
2846.000 0.005
2847.000 0.007
2848.000 0.006
2850.000 0.005
2851.000 0.005
2852.000 0.006
2853.000 0.004
2854.000 0.005
2856.000 0.005
2857.000 0.004
2858.000 0.005
2859.000 0.005
2861.000 0.006
2862.000 0.004
2863.000 0.006
2864.000 0.006
2866.000 0.006
2867.000 0.005
2868.000 0.006
2869.000 0.005
2871.000 0.004
2872.000 0.008
2873.000 0.005
2874.000 0.005
2876.000 0.006
2877.000 0.005
2878.000 0.005
2879.000 0.006
2881.000 0.005
2882.000 0.006
2883.000 0.005
2884.000 0.004
2886.000 0.006
2887.000 0.004
2888.000 0.005
2889.000 0.005
2891.000 0.005
2892.000 0.005
2893.000 0.004
2894.000 0.005
2896.000 0.006
2897.000 0.005
2898.000 0.004
2900.000 0.005
2901.000 0.004
2902.000 0.005
2903.000 0.005
2905.000 0.005
2906.000 0.006
2907.000 0.004
2908.000 0.005
2910.000 0.004
2911.000 0.006
2912.000 0.006
2913.000 0.006
2915.000 0.005
2916.000 0.004
2917.000 0.005
2918.000 0.004
2920.000 0.004
2921.000 0.005
2922.000 0.005
2923.000 0.005
2925.000 0.005
2926.000 0.005
2927.000 0.005
2928.000 0.006
2929.000 0.005
2931.000 0.005
2932.000 0.004
2933.000 0.004
2934.000 0.006
2936.000 0.005
2937.000 0.005
2938.000 0.007
2939.000 0.008
2941.000 0.005
2942.000 0.004
2943.000 0.006
2944.000 0.006
2946.000 0.005
2947.000 0.005
2948.000 0.006
2949.000 0.005
2951.000 0.006
2952.000 0.005
2953.000 0.006
2954.000 0.006
2956.000 0.006
2957.000 0.004
2958.000 0.006
2959.000 0.005
2960.000 0.005
2962.000 0.004
2963.000 0.005
2964.000 0.006
2965.000 0.006
2966.000 0.004
2967.000 0.006
2969.000 0.004
2970.000 0.005
2971.000 0.006
2972.000 0.006
2974.000 0.005
2975.000 0.006
2976.000 0.006
2977.000 0.007
2979.000 0.005
2980.000 0.006
2981.000 0.007
2982.000 0.005
2984.000 0.004
2985.000 0.004
2986.000 0.005
2987.000 0.006
2989.000 0.006
2990.000 0.007
2991.000 0.005
2992.000 0.005
2994.000 0.005
2995.000 0.004
2996.000 0.004
2998.000 0.005
2999.000 0.005
