10.000 0.043
20.000 0.035
30.000 0.046
40.000 0.086
50.000 0.071
60.000 0.080
70.000 0.041
80.000 0.064
90.000 0.067
100.000 0.066
110.000 0.061
120.000 0.082
130.000 0.073
140.000 0.082
150.000 0.063
160.000 0.066
170.000 0.079
180.000 0.073
190.000 0.062
200.000 0.051
210.000 0.057
220.000 0.064
230.000 0.065
240.000 0.068
250.000 0.066
260.000 0.066
270.000 0.085
280.000 0.076
290.000 0.090
300.000 0.089
310.000 0.096
320.000 0.110
330.000 0.116
340.000 0.135
350.000 0.136
360.000 0.164
370.000 0.188
380.000 0.200
390.000 0.254
400.000 0.324
410.000 0.372
420.000 0.428
430.000 0.578
440.000 0.826
450.000 1.002
460.000 1.466
470.000 1.929
480.000 2.016
490.000 1.797
500.000 1.595
510.000 1.210
520.000 0.890
530.000 0.759
540.000 0.557
550.000 0.465
560.000 0.356
570.000 0.311
580.000 0.250
590.000 0.197
600.000 0.181
610.000 0.151
620.000 0.131
630.000 0.122
640.000 0.106
650.000 0.105
660.000 0.089
670.000 0.078
680.000 0.075
690.000 0.068
700.000 0.070
710.000 0.066
720.000 0.067
730.000 0.063
740.000 0.067
750.000 0.065
760.000 0.066
770.000 0.065
780.000 0.065
790.000 0.071
800.000 0.079
810.000 0.083
820.000 0.085
830.000 0.096
840.000 0.115
850.000 0.123
860.000 0.150
870.000 0.180
880.000 0.204
890.000 0.270
900.000 0.319
910.000 0.438
920.000 0.546
930.000 0.554
940.000 0.468
950.000 0.411
960.000 0.326
970.000 0.293
980.000 0.247
990.000 0.221
1000.000 0.214
1010.000 0.191
1020.000 0.180
1030.000 0.171
1040.000 0.158
1050.000 0.153
1060.000 0.148
1070.000 0.146
1080.000 0.146
1090.000 0.162
1100.000 0.171
1110.000 0.195
1120.000 0.204
1130.000 0.219
1140.000 0.226
1150.000 0.225
1160.000 0.225
1170.000 0.232
1180.000 0.232
1190.000 0.231
1200.000 0.228
1210.000 0.230
1220.000 0.235
1230.000 0.234
1240.000 0.237
1250.000 0.240
1260.000 0.243
1270.000 0.243
1280.000 0.255
1290.000 0.264
1300.000 0.273
1310.000 0.288
1320.000 0.302
1330.000 0.332
1340.000 0.374
1350.000 0.400
1360.000 0.466
1370.000 0.512
1380.000 0.636
1390.000 0.791
1400.000 0.859
1410.000 0.864
1420.000 0.672
1430.000 0.569
1440.000 0.487
1450.000 0.369
1460.000 0.296
1470.000 0.266
1480.000 0.223
1490.000 0.190
1500.000 0.178
1510.000 0.158
1520.000 0.152
1530.000 0.135
1540.000 0.126
1550.000 0.118
1560.000 0.111
1570.000 0.108
1580.000 0.102
1590.000 0.096
1600.000 0.095
1610.000 0.090
1620.000 0.089
1630.000 0.089
1640.000 0.085
1650.000 0.085
1660.000 0.085
1670.000 0.084
1680.000 0.086
1690.000 0.085
1700.000 0.086
1710.000 0.091
1720.000 0.092
1730.000 0.095
1740.000 0.097
1750.000 0.104
1760.000 0.114
1770.000 0.121
1780.000 0.131
1790.000 0.153
1800.000 0.166
1810.000 0.202
1820.000 0.230
1830.000 0.308
1840.000 0.363
1850.000 0.525
1860.000 0.592
1870.000 0.498
1880.000 0.296
1890.000 0.206
1900.000 0.179
1910.000 0.143
1920.000 0.130
1930.000 0.109
1940.000 0.095
1950.000 0.087
1960.000 0.080
1970.000 0.074
1980.000 0.068
1990.000 0.066
2000.000 0.061
2010.000 0.058
2020.000 0.055
2030.000 0.053
2040.000 0.048
2050.000 0.051
2060.000 0.046
2070.000 0.049
2080.000 0.047
2090.000 0.046
2100.000 0.045
2110.000 0.043
2120.000 0.043
2130.000 0.046
2140.000 0.046
2150.000 0.045
2160.000 0.047
2170.000 0.048
2180.000 0.049
2190.000 0.051
2200.000 0.052
2210.000 0.054
2220.000 0.058
2230.000 0.065
2240.000 0.068
2250.000 0.076
2260.000 0.092
2270.000 0.104
2280.000 0.134
2290.000 0.156
2300.000 0.231
2310.000 0.298
2320.000 0.279
2330.000 0.151
2340.000 0.121
2350.000 0.082
2360.000 0.065
2370.000 0.057
2380.000 0.045
2390.000 0.045
2400.000 0.035
2410.000 0.031
2420.000 0.032
2430.000 0.026
2440.000 0.023
2450.000 0.023
2460.000 0.021
2470.000 0.021
2480.000 0.018
2490.000 0.018
2500.000 0.018
2510.000 0.018
2520.000 0.016
2530.000 0.017
2540.000 0.017
2550.000 0.015
2560.000 0.016
2570.000 0.015
2580.000 0.017
2590.000 0.014
2600.000 0.015
2610.000 0.015
2620.000 0.017
2630.000 0.016
2640.000 0.018
2650.000 0.020
2660.000 0.024
2670.000 0.024
2680.000 0.027
2690.000 0.031
2700.000 0.036
2710.000 0.046
2720.000 0.052
2730.000 0.070
2740.000 0.085
2750.000 0.131
2760.000 0.204
2770.000 0.233
2780.000 0.171
2790.000 0.134
2800.000 0.095
2810.000 0.077
2820.000 0.072
2830.000 0.063
2840.000 0.061
2850.000 0.055
2860.000 0.054
2870.000 0.051
2880.000 0.051
2890.000 0.050
2900.000 0.047
2910.000 0.046
2920.000 0.047
2930.000 0.048
2940.000 0.048
2950.000 0.049
2960.000 0.051
2970.000 0.050
2980.000 0.054
2990.000 0.055
3000.000 0.058
3010.000 0.059
3020.000 0.061
3030.000 0.065
3040.000 0.068
3050.000 0.076
3060.000 0.081
3070.000 0.087
3080.000 0.095
3090.000 0.099
3100.000 0.112
3110.000 0.118
3120.000 0.136
3130.000 0.160
3140.000 0.173
3150.000 0.209
3160.000 0.231
3170.000 0.293
3180.000 0.385
3190.000 0.449
3200.000 0.628
3210.000 0.871
3220.000 0.968
3230.000 0.912
3240.000 0.783
3250.000 0.581
3260.000 0.513
3270.000 0.423
3280.000 0.364
3290.000 0.340
3300.000 0.307
3310.000 0.280
3320.000 0.269
3330.000 0.255
3340.000 0.248
3350.000 0.236
3360.000 0.231
3370.000 0.222
3380.000 0.218
3390.000 0.211
3400.000 0.203
3410.000 0.202
3420.000 0.196
3430.000 0.192
3440.000 0.191
3450.000 0.188
3460.000 0.188
3470.000 0.185
3480.000 0.185
3490.000 0.185
3500.000 0.184
3510.000 0.184
3520.000 0.186
3530.000 0.191
3540.000 0.192
3550.000 0.197
3560.000 0.200
3570.000 0.211
3580.000 0.224
3590.000 0.232
3600.000 0.252
3610.000 0.265
3620.000 0.298
3630.000 0.318
3640.000 0.374
3650.000 0.459
3660.000 0.519
3670.000 0.691
3680.000 0.945
3690.000 1.069
3700.000 1.020
3710.000 0.835
3720.000 0.549
3730.000 0.400
3740.000 0.350
3750.000 0.280
3760.000 0.256
3770.000 0.216
3780.000 0.190
3790.000 0.179
3800.000 0.161
3810.000 0.153
3820.000 0.141
3830.000 0.132
3840.000 0.128
3850.000 0.123
3860.000 0.118
3870.000 0.116
3880.000 0.114
3890.000 0.111
3900.000 0.112
3910.000 0.110
3920.000 0.111
3930.000 0.112
3940.000 0.113
3950.000 0.117
3960.000 0.119
3970.000 0.123
3980.000 0.130
3990.000 0.132
4000.000 0.141
4010.000 0.145
4020.000 0.153
4030.000 0.160
4040.000 0.172
4050.000 0.188
4060.000 0.197
4070.000 0.220
4080.000 0.256
4090.000 0.278
4100.000 0.341
4110.000 0.384
4120.000 0.512
4130.000 0.605
4140.000 0.856
4150.000 1.020
4160.000 0.928
4170.000 0.607
4180.000 0.506
4190.000 0.380
4200.000 0.304
4210.000 0.279
4220.000 0.235
4230.000 0.204
4240.000 0.193
4250.000 0.172
4260.000 0.165
4270.000 0.149
4280.000 0.145
4290.000 0.135
4300.000 0.127
4310.000 0.124
4320.000 0.119
4330.000 0.112
4340.000 0.111
4350.000 0.108
4360.000 0.107
4370.000 0.106
4380.000 0.105
4390.000 0.104
4400.000 0.105
4410.000 0.105
4420.000 0.106
4430.000 0.109
4440.000 0.110
4450.000 0.114
4460.000 0.119
4470.000 0.125
4480.000 0.132
4490.000 0.137
4500.000 0.143
4510.000 0.157
4520.000 0.178
4530.000 0.188
4540.000 0.220
4550.000 0.265
4560.000 0.296
4570.000 0.393
4580.000 0.463
4590.000 0.680
4600.000 0.987
4610.000 1.062
4620.000 0.706
4630.000 0.543
4640.000 0.376
4650.000 0.325
4660.000 0.257
4670.000 0.215
4680.000 0.198
4690.000 0.174
4700.000 0.156
4710.000 0.150
4720.000 0.135
4730.000 0.131
4740.000 0.122
4750.000 0.118
4760.000 0.116
4770.000 0.109
4780.000 0.108
4790.000 0.105
4800.000 0.103
4810.000 0.102
4820.000 0.102
4830.000 0.101
4840.000 0.102
4850.000 0.103
4860.000 0.103
4870.000 0.103
4880.000 0.105
4890.000 0.108
4900.000 0.110
4910.000 0.114
4920.000 0.119
4930.000 0.123
4940.000 0.131
4950.000 0.140
4960.000 0.146
4970.000 0.162
4980.000 0.171
4990.000 0.196
5000.000 0.230
5010.000 0.254
5020.000 0.314
5030.000 0.360
5040.000 0.499
5050.000 0.607
5060.000 0.913
5070.000 1.041
5080.000 0.826
5090.000 0.474
5100.000 0.333
5110.000 0.289
5120.000 0.232
5130.000 0.209
5140.000 0.177
5150.000 0.155
5160.000 0.146
5170.000 0.132
5180.000 0.126
5190.000 0.116
5200.000 0.112
5210.000 0.105
5220.000 0.100
5230.000 0.096
5240.000 0.093
5250.000 0.089
5260.000 0.090
5270.000 0.087
5280.000 0.086
5290.000 0.084
5300.000 0.084
5310.000 0.084
5320.000 0.084
5330.000 0.086
5340.000 0.086
5350.000 0.087
5360.000 0.091
5370.000 0.094
5380.000 0.095
5390.000 0.101
5400.000 0.103
5410.000 0.110
5420.000 0.120
5430.000 0.127
5440.000 0.141
5450.000 0.150
5460.000 0.175
5470.000 0.211
5480.000 0.236
5490.000 0.309
5500.000 0.439
5510.000 0.538
5520.000 0.761
5530.000 0.780
5540.000 0.474
5550.000 0.370
5560.000 0.258
5570.000 0.197
5580.000 0.176
5590.000 0.146
5600.000 0.135
5610.000 0.118
5620.000 0.105
5630.000 0.101
5640.000 0.091
5650.000 0.083
5660.000 0.081
5670.000 0.076
5680.000 0.076
5690.000 0.071
5700.000 0.071
5710.000 0.068
5720.000 0.068
5730.000 0.066
5740.000 0.065
5750.000 0.065
5760.000 0.066
5770.000 0.066
5780.000 0.065
5790.000 0.066
5800.000 0.068
5810.000 0.070
5820.000 0.071
5830.000 0.073
5840.000 0.078
5850.000 0.080
5860.000 0.086
5870.000 0.093
5880.000 0.097
5890.000 0.108
5900.000 0.117
5910.000 0.134
5920.000 0.159
5930.000 0.174
5940.000 0.220
5950.000 0.254
5960.000 0.358
5970.000 0.531
5980.000 0.629
5990.000 0.609
6000.000 0.459
6010.000 0.284
6020.000 0.206
6030.000 0.180
6040.000 0.143
6050.000 0.132
6060.000 0.113
6070.000 0.104
6080.000 0.093
6090.000 0.085
6100.000 0.079
6110.000 0.073
6120.000 0.069
6130.000 0.066
6140.000 0.062
6150.000 0.062
6160.000 0.061
6170.000 0.058
6180.000 0.058
6190.000 0.057
6200.000 0.057
6210.000 0.056
6220.000 0.056
6230.000 0.057
6240.000 0.058
6250.000 0.059
6260.000 0.059
6270.000 0.061
6280.000 0.062
6290.000 0.066
6300.000 0.068
6310.000 0.072
6320.000 0.074
6330.000 0.078
6340.000 0.087
6350.000 0.092
6360.000 0.105
6370.000 0.112
6380.000 0.132
6390.000 0.163
6400.000 0.184
6410.000 0.247
6420.000 0.356
6430.000 0.436
6440.000 0.566
6450.000 0.529
6460.000 0.312
6470.000 0.252
6480.000 0.183
6490.000 0.143
6500.000 0.130
6510.000 0.110
6520.000 0.096
6530.000 0.089
6540.000 0.080
6550.000 0.077
6560.000 0.072
6570.000 0.070
6580.000 0.066
6590.000 0.061
6600.000 0.060
6610.000 0.056
6620.000 0.055
6630.000 0.054
6640.000 0.051
6650.000 0.053
6660.000 0.052
6670.000 0.052
6680.000 0.054
6690.000 0.051
6700.000 0.054
6710.000 0.054
6720.000 0.054
6730.000 0.058
6740.000 0.059
6750.000 0.061
6760.000 0.065
6770.000 0.067
6780.000 0.072
6790.000 0.077
6800.000 0.082
6810.000 0.091
6820.000 0.098
6830.000 0.113
6840.000 0.136
6850.000 0.151
6860.000 0.195
6870.000 0.226
6880.000 0.325
6890.000 0.468
6900.000 0.513
6910.000 0.387
6920.000 0.242
6930.000 0.203
6940.000 0.153
6950.000 0.135
6960.000 0.113
6970.000 0.105
6980.000 0.092
6990.000 0.086
7000.000 0.078
7010.000 0.071
7020.000 0.068
7030.000 0.064
7040.000 0.060
7050.000 0.058
7060.000 0.057
7070.000 0.054
7080.000 0.053
7090.000 0.053
7100.000 0.053
7110.000 0.052
7120.000 0.050
7130.000 0.052
7140.000 0.052
7150.000 0.051
7160.000 0.053
7170.000 0.055
7180.000 0.054
7190.000 0.056
7200.000 0.057
7210.000 0.059
7220.000 0.063
7230.000 0.067
7240.000 0.068
7250.000 0.074
7260.000 0.080
7270.000 0.085
7280.000 0.095
7290.000 0.110
7300.000 0.119
7310.000 0.145
7320.000 0.164
7330.000 0.218
7340.000 0.258
7350.000 0.374
7360.000 0.451
7370.000 0.402
7380.000 0.245
7390.000 0.170
7400.000 0.148
7410.000 0.117
7420.000 0.106
7430.000 0.089
7440.000 0.077
7450.000 0.073
7460.000 0.066
7470.000 0.063
7480.000 0.059
7490.000 0.056
7500.000 0.052
7510.000 0.051
7520.000 0.049
7530.000 0.047
7540.000 0.046
7550.000 0.044
7560.000 0.043
7570.000 0.042
7580.000 0.044
7590.000 0.043
7600.000 0.042
7610.000 0.042
7620.000 0.042
7630.000 0.043
7640.000 0.045
7650.000 0.046
7660.000 0.047
7670.000 0.049
7680.000 0.052
7690.000 0.056
7700.000 0.057
7710.000 0.060
7720.000 0.066
7730.000 0.073
7740.000 0.079
7750.000 0.091
7760.000 0.110
7770.000 0.122
7780.000 0.157
7790.000 0.183
7800.000 0.261
7810.000 0.367
7820.000 0.398
7830.000 0.302
7840.000 0.236
7850.000 0.164
7860.000 0.124
7870.000 0.111
7880.000 0.093
7890.000 0.086
7900.000 0.075
7910.000 0.068
7920.000 0.063
7930.000 0.060
7940.000 0.055
7950.000 0.052
7960.000 0.048
7970.000 0.048
7980.000 0.046
7990.000 0.045
8000.000 0.045
8010.000 0.043
8020.000 0.042
8030.000 0.042
8040.000 0.042
8050.000 0.040
8060.000 0.041
8070.000 0.041
8080.000 0.042
8090.000 0.042
8100.000 0.043
8110.000 0.044
8120.000 0.047
8130.000 0.048
8140.000 0.050
8150.000 0.052
8160.000 0.056
8170.000 0.059
8180.000 0.064
8190.000 0.068
8200.000 0.077
8210.000 0.089
8220.000 0.097
8230.000 0.118
8240.000 0.133
8250.000 0.175
8260.000 0.202
8270.000 0.263
8280.000 0.318
8290.000 0.295
8300.000 0.189
8310.000 0.131
8320.000 0.114
8330.000 0.089
8340.000 0.081
8350.000 0.067
8360.000 0.063
8370.000 0.056
8380.000 0.049
8390.000 0.046
8400.000 0.043
8410.000 0.040
8420.000 0.039
8430.000 0.036
8440.000 0.036
8450.000 0.034
8460.000 0.034
8470.000 0.032
8480.000 0.033
8490.000 0.031
8500.000 0.031
8510.000 0.032
8520.000 0.031
8530.000 0.031
8540.000 0.032
8550.000 0.032
8560.000 0.033
8570.000 0.034
8580.000 0.036
8590.000 0.038
8600.000 0.039
8610.000 0.041
8620.000 0.043
8630.000 0.046
8640.000 0.048
8650.000 0.055
8660.000 0.059
8670.000 0.068
8680.000 0.083
8690.000 0.091
8700.000 0.118
8710.000 0.163
8720.000 0.194
8730.000 0.262
8740.000 0.267
8750.000 0.188
8760.000 0.155
8770.000 0.112
8780.000 0.087
8790.000 0.079
8800.000 0.066
8810.000 0.061
8820.000 0.054
8830.000 0.048
8840.000 0.047
8850.000 0.043
8860.000 0.042
8870.000 0.040
8880.000 0.041
8890.000 0.038
8900.000 0.036
8910.000 0.036
8920.000 0.034
8930.000 0.034
8940.000 0.034
8950.000 0.032
8960.000 0.033
8970.000 0.032
8980.000 0.033
8990.000 0.035
9000.000 0.036
9010.000 0.038
9020.000 0.037
9030.000 0.042
9040.000 0.041
9050.000 0.044
9060.000 0.045
9070.000 0.049
9080.000 0.053
9090.000 0.056
9100.000 0.061
9110.000 0.070
9120.000 0.074
9130.000 0.089
9140.000 0.098
9150.000 0.121
9160.000 0.137
9170.000 0.182
9180.000 0.244
9190.000 0.272
9200.000 0.255
9210.000 0.207
9220.000 0.138
9230.000 0.102
9240.000 0.091
9250.000 0.074
9260.000 0.067
9270.000 0.058
9280.000 0.052
9290.000 0.046
9300.000 0.043
9310.000 0.043
9320.000 0.038
9330.000 0.035
9340.000 0.034
9350.000 0.032
9360.000 0.031
9370.000 0.030
9380.000 0.029
9390.000 0.029
9400.000 0.029
9410.000 0.029
9420.000 0.027
9430.000 0.026
9440.000 0.024
9450.000 0.026
9460.000 0.027
9470.000 0.028
9480.000 0.028
9490.000 0.029
9500.000 0.029
9510.000 0.032
9520.000 0.034
9530.000 0.034
9540.000 0.037
9550.000 0.041
9560.000 0.043
9570.000 0.049
9580.000 0.057
9590.000 0.061
9600.000 0.074
9610.000 0.084
9620.000 0.108
9630.000 0.128
9640.000 0.179
9650.000 0.230
9660.000 0.226
9670.000 0.163
9680.000 0.135
9690.000 0.098
9700.000 0.077
9710.000 0.071
9720.000 0.059
9730.000 0.051
9740.000 0.049
9750.000 0.044
9760.000 0.042
9770.000 0.037
9780.000 0.038
9790.000 0.035
9800.000 0.035
9810.000 0.033
9820.000 0.031
9830.000 0.030
9840.000 0.031
9850.000 0.029
9860.000 0.030
9870.000 0.029
9880.000 0.029
9890.000 0.029
9900.000 0.028
9910.000 0.029
9920.000 0.030
9930.000 0.029
9940.000 0.032
9950.000 0.031
9960.000 0.032
9970.000 0.034
9980.000 0.035
9990.000 0.037
10000.000 0.039
