10.000 0.038
20.000 0.033
30.000 0.031
40.000 0.033
50.000 0.057
60.000 0.054
70.000 0.071
80.000 0.057
90.000 0.066
100.000 0.066
110.000 0.088
120.000 0.063
130.000 0.096
140.000 0.071
150.000 0.066
160.000 0.066
170.000 0.069
180.000 0.068
190.000 0.088
200.000 0.067
210.000 0.063
220.000 0.066
230.000 0.073
240.000 0.075
250.000 0.067
260.000 0.080
270.000 0.075
280.000 0.074
290.000 0.081
300.000 0.090
310.000 0.096
320.000 0.098
330.000 0.096
340.000 0.107
350.000 0.114
360.000 0.125
370.000 0.137
380.000 0.145
390.000 0.162
400.000 0.181
410.000 0.209
420.000 0.250
430.000 0.252
440.000 0.295
450.000 0.350
460.000 0.430
470.000 0.477
480.000 0.571
490.000 0.626
500.000 0.702
510.000 0.737
520.000 0.774
530.000 0.798
540.000 0.809
550.000 0.867
560.000 0.969
570.000 1.038
580.000 1.185
590.000 1.189
600.000 1.050
610.000 0.863
620.000 0.562
630.000 0.384
640.000 0.320
650.000 0.229
660.000 0.195
670.000 0.173
680.000 0.137
690.000 0.131
700.000 0.110
710.000 0.103
720.000 0.095
730.000 0.082
740.000 0.077
750.000 0.072
760.000 0.071
770.000 0.067
780.000 0.063
790.000 0.064
800.000 0.066
810.000 0.064
820.000 0.067
830.000 0.062
840.000 0.067
850.000 0.070
860.000 0.073
870.000 0.072
880.000 0.074
890.000 0.078
900.000 0.082
910.000 0.084
920.000 0.092
930.000 0.097
940.000 0.099
950.000 0.109
960.000 0.116
970.000 0.118
980.000 0.130
990.000 0.138
1000.000 0.149
1010.000 0.158
1020.000 0.169
1030.000 0.189
1040.000 0.196
1050.000 0.217
1060.000 0.224
1070.000 0.252
1080.000 0.300
1090.000 0.341
1100.000 0.464
1110.000 0.538
1120.000 0.698
1130.000 0.828
1140.000 0.877
1150.000 0.932
1160.000 0.940
1170.000 0.918
1180.000 0.861
1190.000 0.821
1200.000 0.738
1210.000 0.660
1220.000 0.619
1230.000 0.579
1240.000 0.507
1250.000 0.449
1260.000 0.417
1270.000 0.372
1280.000 0.332
1290.000 0.315
1300.000 0.284
1310.000 0.266
1320.000 0.245
1330.000 0.224
1340.000 0.217
1350.000 0.199
1360.000 0.184
1370.000 0.178
1380.000 0.167
1390.000 0.165
1400.000 0.155
1410.000 0.150
1420.000 0.142
1430.000 0.136
1440.000 0.133
1450.000 0.130
1460.000 0.125
1470.000 0.124
1480.000 0.121
1490.000 0.121
1500.000 0.120
1510.000 0.120
1520.000 0.116
1530.000 0.118
1540.000 0.118
1550.000 0.117
1560.000 0.120
1570.000 0.119
1580.000 0.124
1590.000 0.127
1600.000 0.131
1610.000 0.133
1620.000 0.139
1630.000 0.142
1640.000 0.156
1650.000 0.170
1660.000 0.179
1670.000 0.199
1680.000 0.229
1690.000 0.249
1700.000 0.301
1710.000 0.337
1720.000 0.442
1730.000 0.604
1740.000 0.691
1750.000 0.718
1760.000 0.611
1770.000 0.397
1780.000 0.335
1790.000 0.247
1800.000 0.198
1810.000 0.179
1820.000 0.150
1830.000 0.128
1840.000 0.119
1850.000 0.103
1860.000 0.098
1870.000 0.086
1880.000 0.085
1890.000 0.078
1900.000 0.073
1910.000 0.071
1920.000 0.065
1930.000 0.060
1940.000 0.059
1950.000 0.055
1960.000 0.056
1970.000 0.051
1980.000 0.051
1990.000 0.050
2000.000 0.048
2010.000 0.049
2020.000 0.048
2030.000 0.046
2040.000 0.045
2050.000 0.044
2060.000 0.044
2070.000 0.046
2080.000 0.045
2090.000 0.044
2100.000 0.044
2110.000 0.046
2120.000 0.046
2130.000 0.046
2140.000 0.046
2150.000 0.047
2160.000 0.050
2170.000 0.050
2180.000 0.052
2190.000 0.056
2200.000 0.060
2210.000 0.062
2220.000 0.068
2230.000 0.075
2240.000 0.079
2250.000 0.086
2260.000 0.104
2270.000 0.126
2280.000 0.143
2290.000 0.198
2300.000 0.281
2310.000 0.323
2320.000 0.297
2330.000 0.226
2340.000 0.144
2350.000 0.103
2360.000 0.091
2370.000 0.073
2380.000 0.066
2390.000 0.056
2400.000 0.052
2410.000 0.044
2420.000 0.041
2430.000 0.038
2440.000 0.035
2450.000 0.029
2460.000 0.031
2470.000 0.029
2480.000 0.025
2490.000 0.024
2500.000 0.021
2510.000 0.023
2520.000 0.021
2530.000 0.022
2540.000 0.021
2550.000 0.019
2560.000 0.021
2570.000 0.019
2580.000 0.020
2590.000 0.019
2600.000 0.020
2610.000 0.018
2620.000 0.017
2630.000 0.018
2640.000 0.017
2650.000 0.021
2660.000 0.019
2670.000 0.020
2680.000 0.020
2690.000 0.023
2700.000 0.021
2710.000 0.023
2720.000 0.026
2730.000 0.027
2740.000 0.030
2750.000 0.031
2760.000 0.035
2770.000 0.042
2780.000 0.042
2790.000 0.050
2800.000 0.056
2810.000 0.067
2820.000 0.083
2830.000 0.096
2840.000 0.129
2850.000 0.181
2860.000 0.222
2870.000 0.344
2880.000 0.403
2890.000 0.384
2900.000 0.303
2910.000 0.208
2920.000 0.163
2930.000 0.148
2940.000 0.125
2950.000 0.120
2960.000 0.109
2970.000 0.103
2980.000 0.098
2990.000 0.090
3000.000 0.089
3010.000 0.087
3020.000 0.085
3030.000 0.084
3040.000 0.083
3050.000 0.086
3060.000 0.084
3070.000 0.083
3080.000 0.085
3090.000 0.086
3100.000 0.087
3110.000 0.089
3120.000 0.090
3130.000 0.093
3140.000 0.098
3150.000 0.097
3160.000 0.102
3170.000 0.107
3180.000 0.110
3190.000 0.118
3200.000 0.120
3210.000 0.126
3220.000 0.135
3230.000 0.139
3240.000 0.149
3250.000 0.160
3260.000 0.167
3270.000 0.182
3280.000 0.190
3290.000 0.208
3300.000 0.218
3310.000 0.237
3320.000 0.263
3330.000 0.274
3340.000 0.305
3350.000 0.340
3360.000 0.361
3370.000 0.407
3380.000 0.437
3390.000 0.505
3400.000 0.590
3410.000 0.638
3420.000 0.698
3430.000 0.845
3440.000 1.027
3450.000 1.121
3460.000 1.252
3470.000 1.194
3480.000 1.095
3490.000 0.868
3500.000 0.770
3510.000 0.612
3520.000 0.502
3530.000 0.460
3540.000 0.389
3550.000 0.365
3560.000 0.315
3570.000 0.281
3580.000 0.265
3590.000 0.238
3600.000 0.226
3610.000 0.208
3620.000 0.192
3630.000 0.184
3640.000 0.171
3650.000 0.159
3660.000 0.156
3670.000 0.151
3680.000 0.144
3690.000 0.138
3700.000 0.134
3710.000 0.131
3720.000 0.125
3730.000 0.124
3740.000 0.123
3750.000 0.119
3760.000 0.120
3770.000 0.119
3780.000 0.115
3790.000 0.117
3800.000 0.118
3810.000 0.119
3820.000 0.120
3830.000 0.122
3840.000 0.128
3850.000 0.127
3860.000 0.134
3870.000 0.140
3880.000 0.144
3890.000 0.154
3900.000 0.165
3910.000 0.172
3920.000 0.191
3930.000 0.199
3940.000 0.225
3950.000 0.241
3960.000 0.279
3970.000 0.331
3980.000 0.371
3990.000 0.468
4000.000 0.533
4010.000 0.724
4020.000 1.014
4030.000 1.164
4040.000 1.193
4050.000 0.999
4060.000 0.650
4070.000 0.547
4080.000 0.412
4090.000 0.329
4100.000 0.300
4110.000 0.258
4120.000 0.225
4130.000 0.213
4140.000 0.191
4150.000 0.182
4160.000 0.169
4170.000 0.164
4180.000 0.156
4190.000 0.149
4200.000 0.144
4210.000 0.141
4220.000 0.136
4230.000 0.129
4240.000 0.126
4250.000 0.122
4260.000 0.119
4270.000 0.115
4280.000 0.115
4290.000 0.113
4300.000 0.112
4310.000 0.111
4320.000 0.108
4330.000 0.109
4340.000 0.108
4350.000 0.108
4360.000 0.110
4370.000 0.109
4380.000 0.111
4390.000 0.112
4400.000 0.114
4410.000 0.115
4420.000 0.121
4430.000 0.123
4440.000 0.128
4450.000 0.132
4460.000 0.138
4470.000 0.142
4480.000 0.154
4490.000 0.167
4500.000 0.175
4510.000 0.195
4520.000 0.220
4530.000 0.237
4540.000 0.278
4550.000 0.306
4560.000 0.380
4570.000 0.440
4580.000 0.601
4590.000 0.724
4600.000 1.054
4610.000 1.200
4620.000 1.009
4630.000 0.616
4640.000 0.436
4650.000 0.380
4660.000 0.305
4670.000 0.279
4680.000 0.236
4690.000 0.221
4700.000 0.193
4710.000 0.175
4720.000 0.168
4730.000 0.155
4740.000 0.144
4750.000 0.139
4760.000 0.132
4770.000 0.128
4780.000 0.121
4790.000 0.117
4800.000 0.115
4810.000 0.110
4820.000 0.110
4830.000 0.107
4840.000 0.106
4850.000 0.102
4860.000 0.103
4870.000 0.101
4880.000 0.100
4890.000 0.099
4900.000 0.100
4910.000 0.100
4920.000 0.101
4930.000 0.101
4940.000 0.102
4950.000 0.105
4960.000 0.106
4970.000 0.106
4980.000 0.110
4990.000 0.114
5000.000 0.116
5010.000 0.122
5020.000 0.124
5030.000 0.134
5040.000 0.140
5050.000 0.145
5060.000 0.157
5070.000 0.164
5080.000 0.182
5090.000 0.192
5100.000 0.217
5110.000 0.254
5120.000 0.274
5130.000 0.338
5140.000 0.437
5150.000 0.510
5160.000 0.756
5170.000 0.923
5180.000 1.209
5190.000 1.122
5200.000 0.650
5210.000 0.438
5220.000 0.375
5230.000 0.293
5240.000 0.262
5250.000 0.220
5260.000 0.189
5270.000 0.176
5280.000 0.158
5290.000 0.140
5300.000 0.134
5310.000 0.123
5320.000 0.117
5330.000 0.109
5340.000 0.104
5350.000 0.099
5360.000 0.093
5370.000 0.092
5380.000 0.088
5390.000 0.085
5400.000 0.084
5410.000 0.081
5420.000 0.079
5430.000 0.077
5440.000 0.076
5450.000 0.074
5460.000 0.073
5470.000 0.074
5480.000 0.075
5490.000 0.073
5500.000 0.074
5510.000 0.074
5520.000 0.076
5530.000 0.075
5540.000 0.079
5550.000 0.079
5560.000 0.081
5570.000 0.082
5580.000 0.086
5590.000 0.087
5600.000 0.091
5610.000 0.099
5620.000 0.102
5630.000 0.109
5640.000 0.113
5650.000 0.127
5660.000 0.142
5670.000 0.151
5680.000 0.173
5690.000 0.206
5700.000 0.229
5710.000 0.291
5720.000 0.336
5730.000 0.474
5740.000 0.576
5750.000 0.811
5760.000 0.716
5770.000 0.539
5780.000 0.351
5790.000 0.299
5800.000 0.229
5810.000 0.187
5820.000 0.172
5830.000 0.147
5840.000 0.129
5850.000 0.123
5860.000 0.115
5870.000 0.105
5880.000 0.098
5890.000 0.093
5900.000 0.087
5910.000 0.082
5920.000 0.079
5930.000 0.076
5940.000 0.073
5950.000 0.069
5960.000 0.070
5970.000 0.067
5980.000 0.064
5990.000 0.064
6000.000 0.062
6010.000 0.062
6020.000 0.060
6030.000 0.059
6040.000 0.058
6050.000 0.058
6060.000 0.057
6070.000 0.057
6080.000 0.058
6090.000 0.059
6100.000 0.058
6110.000 0.060
6120.000 0.061
6130.000 0.063
6140.000 0.063
6150.000 0.066
6160.000 0.069
6170.000 0.072
6180.000 0.076
6190.000 0.080
6200.000 0.086
6210.000 0.094
6220.000 0.099
6230.000 0.110
6240.000 0.117
6250.000 0.135
6260.000 0.147
6270.000 0.176
6280.000 0.223
6290.000 0.255
6300.000 0.353
6310.000 0.518
6320.000 0.615
6330.000 0.653
6340.000 0.525
6350.000 0.317
6360.000 0.267
6370.000 0.202
6380.000 0.163
6390.000 0.149
6400.000 0.127
6410.000 0.119
6420.000 0.107
6430.000 0.094
6440.000 0.090
6450.000 0.082
6460.000 0.077
6470.000 0.074
6480.000 0.071
6490.000 0.068
6500.000 0.065
6510.000 0.063
6520.000 0.061
6530.000 0.058
6540.000 0.059
6550.000 0.057
6560.000 0.057
6570.000 0.054
6580.000 0.055
6590.000 0.055
6600.000 0.054
6610.000 0.054
6620.000 0.053
6630.000 0.053
6640.000 0.054
6650.000 0.055
6660.000 0.055
6670.000 0.056
6680.000 0.057
6690.000 0.057
6700.000 0.061
6710.000 0.062
6720.000 0.064
6730.000 0.065
6740.000 0.069
6750.000 0.071
6760.000 0.075
6770.000 0.081
6780.000 0.088
6790.000 0.092
6800.000 0.103
6810.000 0.110
6820.000 0.125
6830.000 0.148
6840.000 0.162
6850.000 0.202
6860.000 0.230
6870.000 0.312
6880.000 0.450
6890.000 0.532
6900.000 0.591
6910.000 0.498
6920.000 0.312
6930.000 0.223
6940.000 0.194
6950.000 0.154
6960.000 0.140
6970.000 0.119
6980.000 0.103
6990.000 0.098
7000.000 0.086
7010.000 0.083
7020.000 0.076
7030.000 0.074
7040.000 0.068
7050.000 0.064
7060.000 0.063
7070.000 0.059
7080.000 0.056
7090.000 0.055
7100.000 0.054
7110.000 0.052
7120.000 0.051
7130.000 0.050
7140.000 0.050
7150.000 0.049
7160.000 0.048
7170.000 0.048
7180.000 0.049
7190.000 0.047
7200.000 0.048
7210.000 0.048
7220.000 0.048
7230.000 0.050
7240.000 0.050
7250.000 0.051
7260.000 0.051
7270.000 0.053
7280.000 0.054
7290.000 0.055
7300.000 0.058
7310.000 0.058
7320.000 0.062
7330.000 0.067
7340.000 0.068
7350.000 0.075
7360.000 0.076
7370.000 0.084
7380.000 0.090
7390.000 0.101
7400.000 0.119
7410.000 0.129
7420.000 0.157
7430.000 0.201
7440.000 0.232
7450.000 0.328
7460.000 0.394
7470.000 0.515
7480.000 0.428
7490.000 0.336
7500.000 0.228
7510.000 0.196
7520.000 0.152
7530.000 0.137
7540.000 0.114
7550.000 0.099
7560.000 0.093
7570.000 0.083
7580.000 0.079
7590.000 0.073
7600.000 0.069
7610.000 0.065
7620.000 0.060
7630.000 0.060
7640.000 0.056
7650.000 0.054
7660.000 0.051
7670.000 0.051
7680.000 0.050
7690.000 0.048
7700.000 0.047
7710.000 0.047
7720.000 0.046
7730.000 0.046
7740.000 0.044
7750.000 0.044
7760.000 0.045
7770.000 0.045
7780.000 0.046
7790.000 0.046
7800.000 0.046
7810.000 0.045
7820.000 0.047
7830.000 0.048
7840.000 0.049
7850.000 0.050
7860.000 0.052
7870.000 0.053
7880.000 0.055
7890.000 0.057
7900.000 0.062
7910.000 0.063
7920.000 0.068
7930.000 0.072
7940.000 0.079
7950.000 0.088
7960.000 0.093
7970.000 0.100
7980.000 0.111
7990.000 0.123
8000.000 0.139
8010.000 0.179
8020.000 0.242
8030.000 0.285
8040.000 0.386
8050.000 0.404
8060.000 0.341
8070.000 0.221
8080.000 0.185
8090.000 0.140
8100.000 0.112
8110.000 0.102
8120.000 0.086
8130.000 0.081
8140.000 0.071
8150.000 0.068
8160.000 0.061
8170.000 0.055
8180.000 0.052
8190.000 0.048
8200.000 0.046
8210.000 0.045
8220.000 0.043
8230.000 0.043
8240.000 0.039
8250.000 0.037
8260.000 0.038
8270.000 0.036
8280.000 0.035
8290.000 0.035
8300.000 0.034
8310.000 0.034
8320.000 0.034
8330.000 0.033
8340.000 0.033
8350.000 0.034
8360.000 0.033
8370.000 0.033
8380.000 0.035
8390.000 0.035
8400.000 0.035
8410.000 0.035
8420.000 0.036
8430.000 0.038
8440.000 0.039
8450.000 0.039
8460.000 0.044
8470.000 0.046
8480.000 0.047
8490.000 0.050
8500.000 0.054
8510.000 0.057
8520.000 0.062
8530.000 0.067
8540.000 0.075
8550.000 0.082
8560.000 0.097
8570.000 0.121
8580.000 0.137
8590.000 0.182
8600.000 0.256
8610.000 0.299
8620.000 0.334
8630.000 0.292
8640.000 0.192
8650.000 0.160
8660.000 0.122
8670.000 0.104
8680.000 0.094
8690.000 0.079
8700.000 0.073
8710.000 0.065
8720.000 0.058
8730.000 0.056
8740.000 0.050
8750.000 0.048
8760.000 0.044
8770.000 0.043
8780.000 0.041
8790.000 0.039
8800.000 0.039
8810.000 0.037
8820.000 0.036
8830.000 0.036
8840.000 0.035
8850.000 0.033
8860.000 0.033
8870.000 0.034
8880.000 0.035
8890.000 0.033
8900.000 0.033
8910.000 0.030
8920.000 0.029
8930.000 0.033
8940.000 0.034
8950.000 0.034
8960.000 0.035
8970.000 0.037
8980.000 0.036
8990.000 0.038
9000.000 0.040
9010.000 0.043
9020.000 0.044
9030.000 0.046
9040.000 0.049
9050.000 0.051
9060.000 0.054
9070.000 0.061
9080.000 0.062
9090.000 0.068
9100.000 0.073
9110.000 0.084
9120.000 0.098
9130.000 0.106
9140.000 0.130
9150.000 0.146
9160.000 0.191
9170.000 0.220
9180.000 0.291
9190.000 0.331
9200.000 0.304
9210.000 0.204
9220.000 0.145
9230.000 0.127
9240.000 0.100
9250.000 0.092
9260.000 0.077
9270.000 0.065
9280.000 0.061
9290.000 0.056
9300.000 0.052
9310.000 0.047
9320.000 0.042
9330.000 0.041
9340.000 0.038
9350.000 0.036
9360.000 0.034
9370.000 0.033
9380.000 0.031
9390.000 0.032
9400.000 0.032
9410.000 0.030
9420.000 0.029
9430.000 0.027
9440.000 0.029
9450.000 0.028
9460.000 0.029
9470.000 0.028
9480.000 0.028
9490.000 0.027
9500.000 0.026
9510.000 0.025
9520.000 0.026
9530.000 0.026
9540.000 0.027
9550.000 0.027
9560.000 0.028
9570.000 0.028
9580.000 0.030
9590.000 0.032
9600.000 0.032
9610.000 0.034
9620.000 0.036
9630.000 0.038
9640.000 0.041
9650.000 0.042
9660.000 0.046
9670.000 0.053
9680.000 0.055
9690.000 0.065
9700.000 0.071
9710.000 0.085
9720.000 0.096
9730.000 0.124
9740.000 0.169
9750.000 0.200
9760.000 0.264
9770.000 0.248
9780.000 0.205
9790.000 0.141
9800.000 0.120
9810.000 0.093
9820.000 0.085
9830.000 0.071
9840.000 0.062
9850.000 0.059
9860.000 0.053
9870.000 0.046
9880.000 0.044
9890.000 0.041
9900.000 0.040
9910.000 0.037
9920.000 0.035
9930.000 0.035
9940.000 0.034
9950.000 0.033
9960.000 0.032
9970.000 0.031
9980.000 0.030
9990.000 0.030
10000.000 0.029
