10.000 0.077
20.000 0.051
30.000 0.042
40.000 0.045
50.000 0.051
60.000 0.094
70.000 0.091
80.000 0.089
90.000 0.106
100.000 0.093
110.000 0.119
120.000 0.092
130.000 0.122
140.000 0.083
150.000 0.096
160.000 0.094
170.000 0.087
180.000 0.099
190.000 0.097
200.000 0.087
210.000 0.074
220.000 0.089
230.000 0.081
240.000 0.086
250.000 0.082
260.000 0.088
270.000 0.089
280.000 0.088
290.000 0.094
300.000 0.093
310.000 0.108
320.000 0.097
330.000 0.106
340.000 0.114
350.000 0.118
360.000 0.126
370.000 0.123
380.000 0.138
390.000 0.141
400.000 0.150
410.000 0.180
420.000 0.185
430.000 0.205
440.000 0.225
450.000 0.246
460.000 0.285
470.000 0.300
480.000 0.343
490.000 0.372
500.000 0.378
510.000 0.369
520.000 0.358
530.000 0.327
540.000 0.309
550.000 0.276
560.000 0.252
570.000 0.239
580.000 0.217
590.000 0.202
600.000 0.198
610.000 0.190
620.000 0.181
630.000 0.172
640.000 0.177
650.000 0.170
660.000 0.165
670.000 0.172
680.000 0.174
690.000 0.181
700.000 0.192
710.000 0.208
720.000 0.229
730.000 0.246
740.000 0.282
750.000 0.326
760.000 0.404
770.000 0.426
780.000 0.456
790.000 0.434
800.000 0.352
810.000 0.291
820.000 0.267
830.000 0.233
840.000 0.220
850.000 0.173
860.000 0.178
870.000 0.170
880.000 0.158
890.000 0.156
900.000 0.154
910.000 0.147
920.000 0.142
930.000 0.141
940.000 0.136
950.000 0.141
960.000 0.133
970.000 0.138
980.000 0.134
990.000 0.135
1000.000 0.139
1010.000 0.133
1020.000 0.133
1030.000 0.135
1040.000 0.133
1050.000 0.130
1060.000 0.133
1070.000 0.130
1080.000 0.134
1090.000 0.142
1100.000 0.165
1110.000 0.190
1120.000 0.203
1130.000 0.216
1140.000 0.219
1150.000 0.225
1160.000 0.228
1170.000 0.229
1180.000 0.234
1190.000 0.227
1200.000 0.225
1210.000 0.221
1220.000 0.220
1230.000 0.218
1240.000 0.217
1250.000 0.216
1260.000 0.213
1270.000 0.208
1280.000 0.206
1290.000 0.204
1300.000 0.202
1310.000 0.201
1320.000 0.201
1330.000 0.202
1340.000 0.202
1350.000 0.204
1360.000 0.201
1370.000 0.206
1380.000 0.211
1390.000 0.210
1400.000 0.216
1410.000 0.227
1420.000 0.228
1430.000 0.242
1440.000 0.249
1450.000 0.263
1460.000 0.271
1470.000 0.295
1480.000 0.325
1490.000 0.341
1500.000 0.387
1510.000 0.451
1520.000 0.497
1530.000 0.598
1540.000 0.664
1550.000 0.818
1560.000 0.885
1570.000 0.910
1580.000 0.754
1590.000 0.657
1600.000 0.498
1610.000 0.439
1620.000 0.353
1630.000 0.288
1640.000 0.268
1650.000 0.228
1660.000 0.200
1670.000 0.185
1680.000 0.168
1690.000 0.159
1700.000 0.143
1710.000 0.136
1720.000 0.126
1730.000 0.116
1740.000 0.111
1750.000 0.103
1760.000 0.097
1770.000 0.095
1780.000 0.092
1790.000 0.088
1800.000 0.082
1810.000 0.083
1820.000 0.076
1830.000 0.071
1840.000 0.072
1850.000 0.068
1860.000 0.066
1870.000 0.065
1880.000 0.065
1890.000 0.063
1900.000 0.059
1910.000 0.060
1920.000 0.061
1930.000 0.062
1940.000 0.056
1950.000 0.054
1960.000 0.056
1970.000 0.053
1980.000 0.054
1990.000 0.052
2000.000 0.053
2010.000 0.054
2020.000 0.052
2030.000 0.052
2040.000 0.053
2050.000 0.054
2060.000 0.053
2070.000 0.053
2080.000 0.054
2090.000 0.055
2100.000 0.055
2110.000 0.055
2120.000 0.059
2130.000 0.060
2140.000 0.061
2150.000 0.064
2160.000 0.064
2170.000 0.066
2180.000 0.070
2190.000 0.071
2200.000 0.078
2210.000 0.080
2220.000 0.087
2230.000 0.095
2240.000 0.103
2250.000 0.117
2260.000 0.129
2270.000 0.154
2280.000 0.194
2290.000 0.224
2300.000 0.303
2310.000 0.381
2320.000 0.371
2330.000 0.318
2340.000 0.202
2350.000 0.142
2360.000 0.120
2370.000 0.092
2380.000 0.077
2390.000 0.068
2400.000 0.058
2410.000 0.054
2420.000 0.046
2430.000 0.040
2440.000 0.037
2450.000 0.035
2460.000 0.033
2470.000 0.030
2480.000 0.028
2490.000 0.028
2500.000 0.022
2510.000 0.022
2520.000 0.021
2530.000 0.021
2540.000 0.019
2550.000 0.018
2560.000 0.018
2570.000 0.017
2580.000 0.016
2590.000 0.017
2600.000 0.015
2610.000 0.016
2620.000 0.016
2630.000 0.016
2640.000 0.017
2650.000 0.016
2660.000 0.016
2670.000 0.016
2680.000 0.019
2690.000 0.018
2700.000 0.017
2710.000 0.018
2720.000 0.019
2730.000 0.020
2740.000 0.023
2750.000 0.021
2760.000 0.023
2770.000 0.025
2780.000 0.026
2790.000 0.028
2800.000 0.030
2810.000 0.031
2820.000 0.032
2830.000 0.036
2840.000 0.038
2850.000 0.040
2860.000 0.043
2870.000 0.048
2880.000 0.049
2890.000 0.054
2900.000 0.060
2910.000 0.063
2920.000 0.071
2930.000 0.082
2940.000 0.086
2950.000 0.093
2960.000 0.108
2970.000 0.126
2980.000 0.135
2990.000 0.164
3000.000 0.199
3010.000 0.224
3020.000 0.288
3030.000 0.331
3040.000 0.454
3050.000 0.642
3060.000 0.753
3070.000 0.890
3080.000 0.732
3090.000 0.629
3100.000 0.481
3110.000 0.428
3120.000 0.360
3130.000 0.335
3140.000 0.297
3150.000 0.271
3160.000 0.261
3170.000 0.244
3180.000 0.237
3190.000 0.228
3200.000 0.220
3210.000 0.214
3220.000 0.210
3230.000 0.207
3240.000 0.204
3250.000 0.206
3260.000 0.202
3270.000 0.201
3280.000 0.200
3290.000 0.202
3300.000 0.201
3310.000 0.201
3320.000 0.200
3330.000 0.201
3340.000 0.203
3350.000 0.202
3360.000 0.202
3370.000 0.202
3380.000 0.201
3390.000 0.200
3400.000 0.200
3410.000 0.198
3420.000 0.198
3430.000 0.197
3440.000 0.194
3450.000 0.193
3460.000 0.191
3470.000 0.189
3480.000 0.188
3490.000 0.184
3500.000 0.186
3510.000 0.183
3520.000 0.180
3530.000 0.181
3540.000 0.179
3550.000 0.178
3560.000 0.177
3570.000 0.177
3580.000 0.179
3590.000 0.177
3600.000 0.179
3610.000 0.181
3620.000 0.183
3630.000 0.184
3640.000 0.189
3650.000 0.191
3660.000 0.195
3670.000 0.201
3680.000 0.204
3690.000 0.213
3700.000 0.224
3710.000 0.232
3720.000 0.239
3730.000 0.256
3740.000 0.278
3750.000 0.292
3760.000 0.322
3770.000 0.365
3780.000 0.393
3790.000 0.464
3800.000 0.510
3810.000 0.636
3820.000 0.830
3830.000 0.959
3840.000 1.231
3850.000 1.299
3860.000 1.113
3870.000 0.788
3880.000 0.676
3890.000 0.522
3900.000 0.467
3910.000 0.387
3920.000 0.333
3930.000 0.311
3940.000 0.277
3950.000 0.250
3960.000 0.239
3970.000 0.231
3980.000 0.214
3990.000 0.198
4000.000 0.192
4010.000 0.182
4020.000 0.172
4030.000 0.166
4040.000 0.155
4050.000 0.152
4060.000 0.144
4070.000 0.137
4080.000 0.133
4090.000 0.128
4100.000 0.124
4110.000 0.123
4120.000 0.119
4130.000 0.116
4140.000 0.116
4150.000 0.115
4160.000 0.113
4170.000 0.115
4180.000 0.114
4190.000 0.114
4200.000 0.114
4210.000 0.116
4220.000 0.113
4230.000 0.115
4240.000 0.115
4250.000 0.114
4260.000 0.114
4270.000 0.115
4280.000 0.116
4290.000 0.115
4300.000 0.116
4310.000 0.119
4320.000 0.117
4330.000 0.118
4340.000 0.121
4350.000 0.123
4360.000 0.125
4370.000 0.125
4380.000 0.130
4390.000 0.133
4400.000 0.136
4410.000 0.141
4420.000 0.149
4430.000 0.153
4440.000 0.160
4450.000 0.163
4460.000 0.177
4470.000 0.182
4480.000 0.197
4490.000 0.216
4500.000 0.227
4510.000 0.251
4520.000 0.268
4530.000 0.307
4540.000 0.360
4550.000 0.395
4560.000 0.489
4570.000 0.640
4580.000 0.749
4590.000 1.066
4600.000 1.268
4610.000 1.496
4620.000 1.333
4630.000 0.845
4640.000 0.597
4650.000 0.519
4660.000 0.411
4670.000 0.342
4680.000 0.316
4690.000 0.276
4700.000 0.260
4710.000 0.230
4720.000 0.208
4730.000 0.199
4740.000 0.184
4750.000 0.179
4760.000 0.165
4770.000 0.161
4780.000 0.151
4790.000 0.142
4800.000 0.140
4810.000 0.134
4820.000 0.128
4830.000 0.128
4840.000 0.121
4850.000 0.119
4860.000 0.116
4870.000 0.114
4880.000 0.112
4890.000 0.109
4900.000 0.107
4910.000 0.105
4920.000 0.105
4930.000 0.103
4940.000 0.101
4950.000 0.101
4960.000 0.100
4970.000 0.100
4980.000 0.099
4990.000 0.099
5000.000 0.099
5010.000 0.097
5020.000 0.098
5030.000 0.099
5040.000 0.098
5050.000 0.099
5060.000 0.100
5070.000 0.100
5080.000 0.102
5090.000 0.103
5100.000 0.104
5110.000 0.106
5120.000 0.111
5130.000 0.111
5140.000 0.113
5150.000 0.118
5160.000 0.121
5170.000 0.126
5180.000 0.129
5190.000 0.136
5200.000 0.139
5210.000 0.148
5220.000 0.153
5230.000 0.164
5240.000 0.176
5250.000 0.184
5260.000 0.201
5270.000 0.213
5280.000 0.240
5290.000 0.273
5300.000 0.295
5310.000 0.352
5320.000 0.393
5330.000 0.495
5340.000 0.672
5350.000 0.802
5360.000 1.149
5370.000 1.309
5380.000 1.111
5390.000 0.673
5400.000 0.555
5410.000 0.408
5420.000 0.358
5430.000 0.289
5440.000 0.241
5450.000 0.221
5460.000 0.193
5470.000 0.180
5480.000 0.161
5490.000 0.144
5500.000 0.137
5510.000 0.126
5520.000 0.121
5530.000 0.111
5540.000 0.108
5550.000 0.100
5560.000 0.096
5570.000 0.093
5580.000 0.088
5590.000 0.084
5600.000 0.083
5610.000 0.080
5620.000 0.078
5630.000 0.076
5640.000 0.072
5650.000 0.072
5660.000 0.072
5670.000 0.069
5680.000 0.068
5690.000 0.068
5700.000 0.067
5710.000 0.067
5720.000 0.066
5730.000 0.066
5740.000 0.065
5750.000 0.067
5760.000 0.066
5770.000 0.066
5780.000 0.067
5790.000 0.066
5800.000 0.065
5810.000 0.067
5820.000 0.067
5830.000 0.069
5840.000 0.070
5850.000 0.070
5860.000 0.072
5870.000 0.074
5880.000 0.076
5890.000 0.077
5900.000 0.078
5910.000 0.080
5920.000 0.083
5930.000 0.087
5940.000 0.089
5950.000 0.093
5960.000 0.099
5970.000 0.101
5980.000 0.107
5990.000 0.113
6000.000 0.118
6010.000 0.127
6020.000 0.132
6030.000 0.145
6040.000 0.152
6050.000 0.172
6060.000 0.199
6070.000 0.216
6080.000 0.266
6090.000 0.299
6100.000 0.395
6110.000 0.556
6120.000 0.668
6130.000 0.886
6140.000 0.748
6150.000 0.582
6160.000 0.468
6170.000 0.334
6180.000 0.259
6190.000 0.231
6200.000 0.191
6210.000 0.162
6220.000 0.151
6230.000 0.133
6240.000 0.126
6250.000 0.112
6260.000 0.103
6270.000 0.100
6280.000 0.092
6290.000 0.089
6300.000 0.084
6310.000 0.079
6320.000 0.076
6330.000 0.073
6340.000 0.070
6350.000 0.069
6360.000 0.066
6370.000 0.065
6380.000 0.063
6390.000 0.062
6400.000 0.061
6410.000 0.060
6420.000 0.058
6430.000 0.057
6440.000 0.057
6450.000 0.054
6460.000 0.055
6470.000 0.054
6480.000 0.053
6490.000 0.053
6500.000 0.054
6510.000 0.053
6520.000 0.053
6530.000 0.054
6540.000 0.053
6550.000 0.054
6560.000 0.054
6570.000 0.054
6580.000 0.054
6590.000 0.055
6600.000 0.056
6610.000 0.057
6620.000 0.058
6630.000 0.059
6640.000 0.061
6650.000 0.062
6660.000 0.063
6670.000 0.065
6680.000 0.069
6690.000 0.068
6700.000 0.072
6710.000 0.074
6720.000 0.078
6730.000 0.084
6740.000 0.087
6750.000 0.092
6760.000 0.101
6770.000 0.105
6780.000 0.116
6790.000 0.120
6800.000 0.137
6810.000 0.146
6820.000 0.170
6830.000 0.202
6840.000 0.221
6850.000 0.281
6860.000 0.375
6870.000 0.443
6880.000 0.630
6890.000 0.727
6900.000 0.710
6910.000 0.458
6920.000 0.377
6930.000 0.276
6940.000 0.244
6950.000 0.198
6960.000 0.181
6970.000 0.153
6980.000 0.135
6990.000 0.127
7000.000 0.113
7010.000 0.103
7020.000 0.098
7030.000 0.093
7040.000 0.087
7050.000 0.081
7060.000 0.079
7070.000 0.075
7080.000 0.071
7090.000 0.070
7100.000 0.068
7110.000 0.065
7120.000 0.063
7130.000 0.061
7140.000 0.058
7150.000 0.058
7160.000 0.058
7170.000 0.056
7180.000 0.055
7190.000 0.054
7200.000 0.053
7210.000 0.053
7220.000 0.052
7230.000 0.052
7240.000 0.051
7250.000 0.051
7260.000 0.051
7270.000 0.050
7280.000 0.050
7290.000 0.050
7300.000 0.051
7310.000 0.050
7320.000 0.049
7330.000 0.050
7340.000 0.051
7350.000 0.050
7360.000 0.051
7370.000 0.053
7380.000 0.054
7390.000 0.054
7400.000 0.055
7410.000 0.056
7420.000 0.057
7430.000 0.060
7440.000 0.059
7450.000 0.063
7460.000 0.064
7470.000 0.068
7480.000 0.071
7490.000 0.073
7500.000 0.076
7510.000 0.080
7520.000 0.085
7530.000 0.093
7540.000 0.095
7550.000 0.106
7560.000 0.113
7570.000 0.126
7580.000 0.135
7590.000 0.157
7600.000 0.188
7610.000 0.208
7620.000 0.267
7630.000 0.358
7640.000 0.424
7650.000 0.581
7660.000 0.629
7670.000 0.511
7680.000 0.333
7690.000 0.281
7700.000 0.212
7710.000 0.188
7720.000 0.154
7730.000 0.131
7740.000 0.121
7750.000 0.106
7760.000 0.099
7770.000 0.089
7780.000 0.080
7790.000 0.077
7800.000 0.071
7810.000 0.069
7820.000 0.064
7830.000 0.062
7840.000 0.058
7850.000 0.055
7860.000 0.054
7870.000 0.051
7880.000 0.050
7890.000 0.048
7900.000 0.046
7910.000 0.045
7920.000 0.045
7930.000 0.043
7940.000 0.041
7950.000 0.040
7960.000 0.040
7970.000 0.040
7980.000 0.039
7990.000 0.038
8000.000 0.037
8010.000 0.037
8020.000 0.037
8030.000 0.037
8040.000 0.036
8050.000 0.036
8060.000 0.037
8070.000 0.037
8080.000 0.037
8090.000 0.036
8100.000 0.037
8110.000 0.037
8120.000 0.038
8130.000 0.037
8140.000 0.039
8150.000 0.039
8160.000 0.040
8170.000 0.041
8180.000 0.042
8190.000 0.044
8200.000 0.043
8210.000 0.045
8220.000 0.047
8230.000 0.047
8240.000 0.051
8250.000 0.054
8260.000 0.055
8270.000 0.060
8280.000 0.066
8290.000 0.069
8300.000 0.073
8310.000 0.076
8320.000 0.084
8330.000 0.090
8340.000 0.101
8350.000 0.118
8360.000 0.127
8370.000 0.154
8380.000 0.174
8390.000 0.225
8400.000 0.308
8410.000 0.362
8420.000 0.463
8430.000 0.407
8440.000 0.330
8450.000 0.226
8460.000 0.192
8470.000 0.149
8480.000 0.134
8490.000 0.113
8500.000 0.096
8510.000 0.089
8520.000 0.083
8530.000 0.082
8540.000 0.073
8550.000 0.068
8560.000 0.064
8570.000 0.059
8580.000 0.057
8590.000 0.053
8600.000 0.051
8610.000 0.049
8620.000 0.046
8630.000 0.044
8640.000 0.042
8650.000 0.041
8660.000 0.040
8670.000 0.041
8680.000 0.039
8690.000 0.037
8700.000 0.037
8710.000 0.035
8720.000 0.034
8730.000 0.035
8740.000 0.034
8750.000 0.034
8760.000 0.033
8770.000 0.034
8780.000 0.033
8790.000 0.034
8800.000 0.033
8810.000 0.034
8820.000 0.033
8830.000 0.033
8840.000 0.034
8850.000 0.033
8860.000 0.033
8870.000 0.035
8880.000 0.036
8890.000 0.036
8900.000 0.036
8910.000 0.037
8920.000 0.038
8930.000 0.040
8940.000 0.041
8950.000 0.043
8960.000 0.044
8970.000 0.045
8980.000 0.046
8990.000 0.049
9000.000 0.049
9010.000 0.052
9020.000 0.056
9030.000 0.058
9040.000 0.062
9050.000 0.068
9060.000 0.070
9070.000 0.079
9080.000 0.082
9090.000 0.093
9100.000 0.099
9110.000 0.115
9120.000 0.136
9130.000 0.150
9140.000 0.187
9150.000 0.213
9160.000 0.283
9170.000 0.372
9180.000 0.409
9190.000 0.390
9200.000 0.268
9210.000 0.223
9220.000 0.192
9230.000 0.147
9240.000 0.119
9250.000 0.111
9260.000 0.094
9270.000 0.081
9280.000 0.077
9290.000 0.067
9300.000 0.064
9310.000 0.059
9320.000 0.053
9330.000 0.051
9340.000 0.048
9350.000 0.046
9360.000 0.042
9370.000 0.040
9380.000 0.040
9390.000 0.036
9400.000 0.036
9410.000 0.035
9420.000 0.034
9430.000 0.032
9440.000 0.031
9450.000 0.031
9460.000 0.031
9470.000 0.028
9480.000 0.029
9490.000 0.028
9500.000 0.027
9510.000 0.028
9520.000 0.027
9530.000 0.027
9540.000 0.026
9550.000 0.026
9560.000 0.027
9570.000 0.027
9580.000 0.026
9590.000 0.026
9600.000 0.025
9610.000 0.025
9620.000 0.024
9630.000 0.025
9640.000 0.025
9650.000 0.026
9660.000 0.026
9670.000 0.027
9680.000 0.027
9690.000 0.028
9700.000 0.028
9710.000 0.029
9720.000 0.030
9730.000 0.031
9740.000 0.032
9750.000 0.032
9760.000 0.036
9770.000 0.036
9780.000 0.037
9790.000 0.039
9800.000 0.042
9810.000 0.045
9820.000 0.048
9830.000 0.051
9840.000 0.056
9850.000 0.060
9860.000 0.068
9870.000 0.072
9880.000 0.084
9890.000 0.100
9900.000 0.112
9910.000 0.143
9920.000 0.192
9930.000 0.225
9940.000 0.301
9950.000 0.325
9960.000 0.279
9970.000 0.190
9980.000 0.161
9990.000 0.123
10000.000 0.110
