10.000 0.094
20.000 0.069
30.000 0.067
40.000 0.043
50.000 0.087
60.000 0.077
70.000 0.064
80.000 0.067
90.000 0.100
100.000 0.097
110.000 0.100
120.000 0.107
130.000 0.122
140.000 0.109
150.000 0.108
160.000 0.128
170.000 0.103
180.000 0.123
190.000 0.118
200.000 0.121
210.000 0.116
220.000 0.107
230.000 0.118
240.000 0.105
250.000 0.115
260.000 0.122
270.000 0.116
280.000 0.118
290.000 0.120
300.000 0.118
310.000 0.120
320.000 0.134
330.000 0.148
340.000 0.137
350.000 0.146
360.000 0.153
370.000 0.156
380.000 0.162
390.000 0.173
400.000 0.189
410.000 0.194
420.000 0.210
430.000 0.231
440.000 0.250
450.000 0.276
460.000 0.290
470.000 0.325
480.000 0.358
490.000 0.368
500.000 0.371
510.000 0.343
520.000 0.331
530.000 0.289
540.000 0.280
550.000 0.233
560.000 0.213
570.000 0.190
580.000 0.161
590.000 0.156
600.000 0.139
610.000 0.128
620.000 0.119
630.000 0.105
640.000 0.101
650.000 0.092
660.000 0.092
670.000 0.085
680.000 0.079
690.000 0.075
700.000 0.078
710.000 0.069
720.000 0.071
730.000 0.065
740.000 0.066
750.000 0.070
760.000 0.070
770.000 0.064
780.000 0.071
790.000 0.068
800.000 0.076
810.000 0.070
820.000 0.074
830.000 0.081
840.000 0.083
850.000 0.087
860.000 0.092
870.000 0.101
880.000 0.107
890.000 0.113
900.000 0.120
910.000 0.126
920.000 0.141
930.000 0.145
940.000 0.160
950.000 0.178
960.000 0.188
970.000 0.205
980.000 0.223
990.000 0.234
1000.000 0.260
1010.000 0.271
1020.000 0.299
1030.000 0.324
1040.000 0.339
1050.000 0.360
1060.000 0.383
1070.000 0.408
1080.000 0.431
1090.000 0.514
1100.000 0.655
1110.000 0.734
1120.000 0.866
1130.000 0.937
1140.000 0.958
1150.000 0.973
1160.000 0.974
1170.000 0.973
1180.000 0.965
1190.000 0.957
1200.000 0.942
1210.000 0.929
1220.000 0.900
1230.000 0.870
1240.000 0.846
1250.000 0.798
1260.000 0.772
1270.000 0.712
1280.000 0.652
1290.000 0.628
1300.000 0.566
1310.000 0.538
1320.000 0.488
1330.000 0.465
1340.000 0.418
1350.000 0.377
1360.000 0.363
1370.000 0.329
1380.000 0.301
1390.000 0.288
1400.000 0.260
1410.000 0.252
1420.000 0.233
1430.000 0.226
1440.000 0.208
1450.000 0.196
1460.000 0.187
1470.000 0.174
1480.000 0.169
1490.000 0.161
1500.000 0.149
1510.000 0.145
1520.000 0.138
1530.000 0.133
1540.000 0.127
1550.000 0.122
1560.000 0.117
1570.000 0.114
1580.000 0.110
1590.000 0.107
1600.000 0.101
1610.000 0.098
1620.000 0.095
1630.000 0.094
1640.000 0.089
1650.000 0.089
1660.000 0.087
1670.000 0.083
1680.000 0.083
1690.000 0.079
1700.000 0.079
1710.000 0.077
1720.000 0.075
1730.000 0.076
1740.000 0.074
1750.000 0.071
1760.000 0.071
1770.000 0.069
1780.000 0.070
1790.000 0.066
1800.000 0.067
1810.000 0.065
1820.000 0.066
1830.000 0.065
1840.000 0.062
1850.000 0.062
1860.000 0.062
1870.000 0.063
1880.000 0.063
1890.000 0.061
1900.000 0.059
1910.000 0.062
1920.000 0.060
1930.000 0.060
1940.000 0.060
1950.000 0.059
1960.000 0.060
1970.000 0.061
1980.000 0.060
1990.000 0.060
2000.000 0.062
2010.000 0.063
2020.000 0.065
2030.000 0.061
2040.000 0.062
2050.000 0.063
2060.000 0.064
2070.000 0.068
2080.000 0.068
2090.000 0.067
2100.000 0.069
2110.000 0.071
2120.000 0.074
2130.000 0.074
2140.000 0.078
2150.000 0.080
2160.000 0.084
2170.000 0.085
2180.000 0.089
2190.000 0.094
2200.000 0.099
2210.000 0.108
2220.000 0.115
2230.000 0.121
2240.000 0.134
2250.000 0.145
2260.000 0.167
2270.000 0.199
2280.000 0.218
2290.000 0.271
2300.000 0.348
2310.000 0.390
2320.000 0.432
2330.000 0.410
2340.000 0.305
2350.000 0.259
2360.000 0.192
2370.000 0.154
2380.000 0.135
2390.000 0.113
2400.000 0.093
2410.000 0.086
2420.000 0.073
2430.000 0.068
2440.000 0.062
2450.000 0.059
2460.000 0.050
2470.000 0.048
2480.000 0.048
2490.000 0.040
2500.000 0.040
2510.000 0.035
2520.000 0.033
2530.000 0.031
2540.000 0.029
2550.000 0.029
2560.000 0.029
2570.000 0.026
2580.000 0.026
2590.000 0.024
2600.000 0.022
2610.000 0.023
2620.000 0.021
2630.000 0.023
2640.000 0.023
2650.000 0.022
2660.000 0.023
2670.000 0.021
2680.000 0.021
2690.000 0.022
2700.000 0.023
2710.000 0.022
2720.000 0.021
2730.000 0.023
2740.000 0.022
2750.000 0.024
2760.000 0.024
2770.000 0.025
2780.000 0.026
2790.000 0.027
2800.000 0.029
2810.000 0.028
2820.000 0.029
2830.000 0.028
2840.000 0.035
2850.000 0.032
2860.000 0.032
2870.000 0.038
2880.000 0.036
2890.000 0.037
2900.000 0.041
2910.000 0.042
2920.000 0.042
2930.000 0.045
2940.000 0.046
2950.000 0.050
2960.000 0.051
2970.000 0.052
2980.000 0.056
2990.000 0.058
3000.000 0.063
3010.000 0.064
3020.000 0.066
3030.000 0.071
3040.000 0.074
3050.000 0.077
3060.000 0.082
3070.000 0.086
3080.000 0.089
3090.000 0.098
3100.000 0.100
3110.000 0.106
3120.000 0.116
3130.000 0.121
3140.000 0.129
3150.000 0.135
3160.000 0.145
3170.000 0.159
3180.000 0.166
3190.000 0.180
3200.000 0.188
3210.000 0.207
3220.000 0.215
3230.000 0.234
3240.000 0.260
3250.000 0.272
3260.000 0.300
3270.000 0.314
3280.000 0.345
3290.000 0.383
3300.000 0.401
3310.000 0.442
3320.000 0.488
3330.000 0.514
3340.000 0.567
3350.000 0.597
3360.000 0.660
3370.000 0.693
3380.000 0.767
3390.000 0.854
3400.000 0.900
3410.000 1.003
3420.000 1.120
3430.000 1.180
3440.000 1.305
3450.000 1.364
3460.000 1.459
3470.000 1.486
3480.000 1.474
3490.000 1.377
3500.000 1.303
3510.000 1.139
3520.000 1.057
3530.000 0.907
3540.000 0.780
3550.000 0.724
3560.000 0.629
3570.000 0.551
3580.000 0.516
3590.000 0.486
3600.000 0.434
3610.000 0.389
3620.000 0.370
3630.000 0.337
3640.000 0.307
3650.000 0.293
3660.000 0.271
3670.000 0.258
3680.000 0.240
3690.000 0.222
3700.000 0.213
3710.000 0.201
3720.000 0.188
3730.000 0.183
3740.000 0.173
3750.000 0.169
3760.000 0.160
3770.000 0.157
3780.000 0.149
3790.000 0.142
3800.000 0.141
3810.000 0.134
3820.000 0.130
3830.000 0.129
3840.000 0.126
3850.000 0.121
3860.000 0.121
3870.000 0.120
3880.000 0.116
3890.000 0.117
3900.000 0.115
3910.000 0.114
3920.000 0.113
3930.000 0.115
3940.000 0.113
3950.000 0.114
3960.000 0.114
3970.000 0.115
3980.000 0.116
3990.000 0.113
4000.000 0.115
4010.000 0.117
4020.000 0.116
4030.000 0.114
4040.000 0.114
4050.000 0.115
4060.000 0.113
4070.000 0.113
4080.000 0.112
4090.000 0.111
4100.000 0.111
4110.000 0.111
4120.000 0.113
4130.000 0.113
4140.000 0.112
4150.000 0.115
4160.000 0.117
4170.000 0.119
4180.000 0.121
4190.000 0.125
4200.000 0.126
4210.000 0.129
4220.000 0.128
4230.000 0.133
4240.000 0.134
4250.000 0.138
4260.000 0.137
4270.000 0.140
4280.000 0.142
4290.000 0.146
4300.000 0.147
4310.000 0.150
4320.000 0.151
4330.000 0.156
4340.000 0.161
4350.000 0.163
4360.000 0.168
4370.000 0.175
4380.000 0.177
4390.000 0.182
4400.000 0.190
4410.000 0.199
4420.000 0.204
4430.000 0.216
4440.000 0.222
4450.000 0.238
4460.000 0.255
4470.000 0.262
4480.000 0.286
4490.000 0.316
4500.000 0.332
4510.000 0.371
4520.000 0.394
4530.000 0.453
4540.000 0.489
4550.000 0.585
4560.000 0.724
4570.000 0.819
4580.000 1.080
4590.000 1.469
4600.000 1.685
4610.000 1.848
4620.000 1.688
4630.000 1.171
4640.000 0.990
4650.000 0.748
4660.000 0.600
4670.000 0.544
4680.000 0.461
4690.000 0.428
4700.000 0.375
4710.000 0.334
4720.000 0.318
4730.000 0.288
4740.000 0.265
4750.000 0.255
4760.000 0.236
4770.000 0.228
4780.000 0.215
4790.000 0.208
4800.000 0.198
4810.000 0.186
4820.000 0.182
4830.000 0.173
4840.000 0.166
4850.000 0.161
4860.000 0.154
4870.000 0.152
4880.000 0.146
4890.000 0.144
4900.000 0.137
4910.000 0.133
4920.000 0.132
4930.000 0.127
4940.000 0.127
4950.000 0.123
4960.000 0.119
4970.000 0.117
4980.000 0.115
4990.000 0.112
5000.000 0.110
5010.000 0.108
5020.000 0.107
5030.000 0.104
5040.000 0.104
5050.000 0.103
5060.000 0.101
5070.000 0.100
5080.000 0.099
5090.000 0.097
5100.000 0.096
5110.000 0.096
5120.000 0.095
5130.000 0.094
5140.000 0.093
5150.000 0.094
5160.000 0.092
5170.000 0.091
5180.000 0.091
5190.000 0.090
5200.000 0.089
5210.000 0.091
5220.000 0.090
5230.000 0.089
5240.000 0.089
5250.000 0.090
5260.000 0.089
5270.000 0.090
5280.000 0.090
5290.000 0.093
5300.000 0.090
5310.000 0.091
5320.000 0.091
5330.000 0.092
5340.000 0.091
5350.000 0.092
5360.000 0.093
5370.000 0.095
5380.000 0.094
5390.000 0.095
5400.000 0.096
5410.000 0.097
5420.000 0.100
5430.000 0.100
5440.000 0.101
5450.000 0.103
5460.000 0.104
5470.000 0.106
5480.000 0.110
5490.000 0.112
5500.000 0.115
5510.000 0.119
5520.000 0.123
5530.000 0.128
5540.000 0.129
5550.000 0.137
5560.000 0.139
5570.000 0.148
5580.000 0.157
5590.000 0.163
5600.000 0.174
5610.000 0.187
5620.000 0.195
5630.000 0.215
5640.000 0.227
5650.000 0.252
5660.000 0.267
5670.000 0.307
5680.000 0.361
5690.000 0.396
5700.000 0.488
5710.000 0.554
5720.000 0.736
5730.000 1.021
5740.000 1.194
5750.000 1.370
5760.000 1.018
5770.000 0.830
5780.000 0.693
5790.000 0.517
5800.000 0.408
5810.000 0.372
5820.000 0.312
5830.000 0.269
5840.000 0.251
5850.000 0.221
5860.000 0.211
5870.000 0.188
5880.000 0.172
5890.000 0.164
5900.000 0.152
5910.000 0.145
5920.000 0.138
5930.000 0.130
5940.000 0.125
5950.000 0.119
5960.000 0.115
5970.000 0.108
5980.000 0.104
5990.000 0.102
6000.000 0.098
6010.000 0.092
6020.000 0.091
6030.000 0.090
6040.000 0.086
6050.000 0.082
6060.000 0.079
6070.000 0.077
6080.000 0.073
6090.000 0.072
6100.000 0.069
6110.000 0.069
6120.000 0.067
6130.000 0.065
6140.000 0.064
6150.000 0.062
6160.000 0.062
6170.000 0.061
6180.000 0.060
6190.000 0.058
6200.000 0.058
6210.000 0.058
6220.000 0.058
6230.000 0.057
6240.000 0.055
6250.000 0.057
6260.000 0.056
6270.000 0.055
6280.000 0.056
6290.000 0.056
6300.000 0.056
6310.000 0.055
6320.000 0.056
6330.000 0.055
6340.000 0.056
6350.000 0.057
6360.000 0.055
6370.000 0.057
6380.000 0.056
6390.000 0.059
6400.000 0.058
6410.000 0.058
6420.000 0.058
6430.000 0.058
6440.000 0.060
6450.000 0.059
6460.000 0.059
6470.000 0.061
6480.000 0.060
6490.000 0.061
6500.000 0.063
6510.000 0.063
6520.000 0.065
6530.000 0.067
6540.000 0.067
6550.000 0.068
6560.000 0.069
6570.000 0.071
6580.000 0.073
6590.000 0.074
6600.000 0.078
6610.000 0.077
6620.000 0.080
6630.000 0.083
6640.000 0.085
6650.000 0.090
6660.000 0.090
6670.000 0.095
6680.000 0.097
6690.000 0.103
6700.000 0.109
6710.000 0.112
6720.000 0.119
6730.000 0.128
6740.000 0.132
6750.000 0.144
6760.000 0.149
6770.000 0.166
6780.000 0.184
6790.000 0.194
6800.000 0.223
6810.000 0.239
6820.000 0.285
6830.000 0.312
6840.000 0.387
6850.000 0.501
6860.000 0.581
6870.000 0.799
6880.000 0.921
6890.000 1.014
6900.000 0.743
6910.000 0.611
6920.000 0.442
6930.000 0.388
6940.000 0.308
6950.000 0.256
6960.000 0.236
6970.000 0.202
6980.000 0.192
6990.000 0.168
7000.000 0.152
7010.000 0.144
7020.000 0.132
7030.000 0.122
7040.000 0.116
7050.000 0.109
7060.000 0.105
7070.000 0.099
7080.000 0.096
7090.000 0.091
7100.000 0.086
7110.000 0.083
7120.000 0.081
7130.000 0.078
7140.000 0.075
7150.000 0.072
7160.000 0.071
7170.000 0.069
7180.000 0.067
7190.000 0.066
7200.000 0.064
7210.000 0.063
7220.000 0.060
7230.000 0.060
7240.000 0.058
7250.000 0.055
7260.000 0.055
7270.000 0.054
7280.000 0.052
7290.000 0.053
7300.000 0.050
7310.000 0.050
7320.000 0.048
7330.000 0.050
7340.000 0.047
7350.000 0.047
7360.000 0.047
7370.000 0.046
7380.000 0.045
7390.000 0.045
7400.000 0.044
7410.000 0.045
7420.000 0.044
7430.000 0.045
7440.000 0.043
7450.000 0.045
7460.000 0.044
7470.000 0.043
7480.000 0.044
7490.000 0.044
7500.000 0.043
7510.000 0.044
7520.000 0.044
7530.000 0.044
7540.000 0.045
7550.000 0.045
7560.000 0.045
7570.000 0.045
7580.000 0.046
7590.000 0.046
7600.000 0.046
7610.000 0.046
7620.000 0.047
7630.000 0.048
7640.000 0.047
7650.000 0.049
7660.000 0.050
7670.000 0.050
7680.000 0.050
7690.000 0.051
7700.000 0.053
7710.000 0.054
7720.000 0.055
7730.000 0.055
7740.000 0.057
7750.000 0.058
7760.000 0.060
7770.000 0.062
7780.000 0.064
7790.000 0.067
7800.000 0.069
7810.000 0.071
7820.000 0.073
7830.000 0.077
7840.000 0.081
7850.000 0.082
7860.000 0.088
7870.000 0.096
7880.000 0.099
7890.000 0.106
7900.000 0.117
7910.000 0.122
7920.000 0.136
7930.000 0.143
7940.000 0.160
7950.000 0.169
7960.000 0.190
7970.000 0.224
7980.000 0.248
7990.000 0.316
8000.000 0.361
8010.000 0.491
8020.000 0.631
8030.000 0.666
8040.000 0.591
8050.000 0.532
8060.000 0.395
8070.000 0.300
8080.000 0.267
8090.000 0.215
8100.000 0.197
8110.000 0.168
8120.000 0.146
8130.000 0.137
8140.000 0.124
8150.000 0.117
8160.000 0.106
8170.000 0.098
8180.000 0.094
8190.000 0.087
8200.000 0.081
8210.000 0.079
8220.000 0.076
8230.000 0.071
8240.000 0.068
8250.000 0.066
8260.000 0.064
8270.000 0.060
8280.000 0.059
8290.000 0.057
8300.000 0.058
8310.000 0.055
8320.000 0.054
8330.000 0.051
8340.000 0.049
8350.000 0.048
8360.000 0.047
8370.000 0.045
8380.000 0.046
8390.000 0.044
8400.000 0.044
8410.000 0.043
8420.000 0.042
8430.000 0.041
8440.000 0.041
8450.000 0.041
8460.000 0.040
8470.000 0.038
8480.000 0.038
8490.000 0.038
8500.000 0.038
8510.000 0.037
8520.000 0.038
8530.000 0.037
8540.000 0.037
8550.000 0.036
8560.000 0.036
8570.000 0.036
8580.000 0.035
8590.000 0.034
8600.000 0.035
8610.000 0.035
8620.000 0.035
8630.000 0.036
8640.000 0.034
8650.000 0.035
8660.000 0.034
8670.000 0.036
8680.000 0.035
8690.000 0.037
8700.000 0.037
8710.000 0.037
8720.000 0.036
8730.000 0.037
8740.000 0.036
8750.000 0.036
8760.000 0.037
8770.000 0.037
8780.000 0.038
8790.000 0.037
8800.000 0.039
8810.000 0.039
8820.000 0.039
8830.000 0.039
8840.000 0.041
8850.000 0.041
8860.000 0.042
8870.000 0.043
8880.000 0.044
8890.000 0.047
8900.000 0.047
8910.000 0.049
8920.000 0.050
8930.000 0.052
8940.000 0.054
8950.000 0.057
8960.000 0.058
8970.000 0.064
8980.000 0.065
8990.000 0.071
9000.000 0.072
9010.000 0.078
9020.000 0.083
9030.000 0.090
9040.000 0.099
9050.000 0.103
9060.000 0.116
9070.000 0.129
9080.000 0.138
9090.000 0.159
9100.000 0.172
9110.000 0.205
9120.000 0.225
9130.000 0.280
9140.000 0.364
9150.000 0.417
9160.000 0.534
9170.000 0.575
9180.000 0.529
9190.000 0.375
9200.000 0.314
9210.000 0.234
9220.000 0.188
9230.000 0.172
9240.000 0.158
9250.000 0.135
9260.000 0.119
9270.000 0.111
9280.000 0.100
9290.000 0.088
9300.000 0.085
9310.000 0.078
9320.000 0.075
9330.000 0.068
9340.000 0.064
9350.000 0.062
9360.000 0.058
9370.000 0.055
9380.000 0.052
9390.000 0.050
9400.000 0.048
9410.000 0.046
9420.000 0.045
9430.000 0.043
9440.000 0.041
9450.000 0.041
9460.000 0.039
9470.000 0.036
9480.000 0.035
9490.000 0.036
9500.000 0.035
9510.000 0.033
9520.000 0.032
9530.000 0.031
9540.000 0.031
9550.000 0.031
9560.000 0.029
9570.000 0.028
9580.000 0.029
9590.000 0.027
9600.000 0.027
9610.000 0.027
9620.000 0.026
9630.000 0.027
9640.000 0.027
9650.000 0.026
9660.000 0.027
9670.000 0.026
9680.000 0.025
9690.000 0.025
9700.000 0.025
9710.000 0.024
9720.000 0.025
9730.000 0.024
9740.000 0.026
9750.000 0.025
9760.000 0.024
9770.000 0.025
9780.000 0.025
9790.000 0.025
9800.000 0.025
9810.000 0.024
9820.000 0.023
9830.000 0.023
9840.000 0.023
9850.000 0.023
9860.000 0.025
9870.000 0.024
9880.000 0.023
9890.000 0.023
9900.000 0.025
9910.000 0.024
9920.000 0.025
9930.000 0.026
9940.000 0.026
9950.000 0.027
9960.000 0.027
9970.000 0.026
9980.000 0.027
9990.000 0.028
10000.000 0.029
