10.000 0.030
20.000 0.029
30.000 0.039
40.000 0.061
50.000 0.085
60.000 0.080
70.000 0.071
80.000 0.039
90.000 0.068
100.000 0.063
110.000 0.052
120.000 0.044
130.000 0.064
140.000 0.045
150.000 0.054
160.000 0.046
170.000 0.054
180.000 0.060
190.000 0.063
200.000 0.059
210.000 0.056
220.000 0.066
230.000 0.066
240.000 0.077
250.000 0.075
260.000 0.082
270.000 0.102
280.000 0.094
290.000 0.120
300.000 0.133
310.000 0.147
320.000 0.175
330.000 0.220
340.000 0.329
350.000 0.394
360.000 0.611
370.000 1.035
380.000 1.208
390.000 0.882
400.000 0.693
410.000 0.527
420.000 0.476
430.000 0.418
440.000 0.399
450.000 0.392
460.000 0.394
470.000 0.403
480.000 0.409
490.000 0.404
500.000 0.401
510.000 0.382
520.000 0.328
530.000 0.302
540.000 0.259
550.000 0.240
560.000 0.201
570.000 0.190
580.000 0.173
590.000 0.155
600.000 0.156
610.000 0.139
620.000 0.135
630.000 0.133
640.000 0.140
650.000 0.132
660.000 0.135
670.000 0.151
680.000 0.163
690.000 0.189
700.000 0.214
710.000 0.285
720.000 0.345
730.000 0.514
740.000 0.504
750.000 0.339
760.000 0.205
770.000 0.145
780.000 0.132
790.000 0.108
800.000 0.099
810.000 0.091
820.000 0.086
830.000 0.079
840.000 0.081
850.000 0.075
860.000 0.076
870.000 0.076
880.000 0.075
890.000 0.078
900.000 0.081
910.000 0.084
920.000 0.085
930.000 0.090
940.000 0.098
950.000 0.102
960.000 0.109
970.000 0.116
980.000 0.129
990.000 0.147
1000.000 0.156
1010.000 0.182
1020.000 0.212
1030.000 0.229
1040.000 0.277
1050.000 0.304
1060.000 0.388
1070.000 0.497
1080.000 0.564
1090.000 0.694
1100.000 0.726
1110.000 0.688
1120.000 0.641
1130.000 0.552
1140.000 0.473
1150.000 0.449
1160.000 0.388
1170.000 0.368
1180.000 0.330
1190.000 0.304
1200.000 0.288
1210.000 0.265
1220.000 0.254
1230.000 0.240
1240.000 0.222
1250.000 0.216
1260.000 0.204
1270.000 0.202
1280.000 0.195
1290.000 0.188
1300.000 0.185
1310.000 0.183
1320.000 0.182
1330.000 0.180
1340.000 0.183
1350.000 0.186
1360.000 0.197
1370.000 0.200
1380.000 0.212
1390.000 0.229
1400.000 0.250
1410.000 0.286
1420.000 0.314
1430.000 0.384
1440.000 0.511
1450.000 0.604
1460.000 0.860
1470.000 0.965
1480.000 0.781
1490.000 0.460
1500.000 0.383
1510.000 0.280
1520.000 0.245
1530.000 0.200
1540.000 0.170
1550.000 0.155
1560.000 0.137
1570.000 0.121
1580.000 0.117
1590.000 0.113
1600.000 0.105
1610.000 0.100
1620.000 0.096
1630.000 0.091
1640.000 0.091
1650.000 0.087
1660.000 0.087
1670.000 0.086
1680.000 0.088
1690.000 0.088
1700.000 0.088
1710.000 0.093
1720.000 0.095
1730.000 0.102
1740.000 0.111
1750.000 0.118
1760.000 0.133
1770.000 0.144
1780.000 0.173
1790.000 0.230
1800.000 0.266
1810.000 0.400
1820.000 0.498
1830.000 0.637
1840.000 0.523
1850.000 0.265
1860.000 0.178
1870.000 0.151
1880.000 0.119
1890.000 0.109
1900.000 0.094
1910.000 0.079
1920.000 0.074
1930.000 0.065
1940.000 0.061
1950.000 0.060
1960.000 0.057
1970.000 0.053
1980.000 0.050
1990.000 0.049
2000.000 0.048
2010.000 0.047
2020.000 0.046
2030.000 0.046
2040.000 0.048
2050.000 0.048
2060.000 0.048
2070.000 0.051
2080.000 0.053
2090.000 0.057
2100.000 0.059
2110.000 0.067
2120.000 0.072
2130.000 0.083
2140.000 0.090
2150.000 0.116
2160.000 0.161
2170.000 0.198
2180.000 0.316
2190.000 0.355
2200.000 0.250
2210.000 0.135
2220.000 0.110
2230.000 0.081
2240.000 0.072
2250.000 0.061
2260.000 0.049
2270.000 0.048
2280.000 0.041
2290.000 0.042
2300.000 0.036
2310.000 0.033
2320.000 0.034
2330.000 0.032
2340.000 0.029
2350.000 0.029
2360.000 0.024
2370.000 0.028
2380.000 0.028
2390.000 0.028
2400.000 0.025
2410.000 0.027
2420.000 0.027
2430.000 0.027
2440.000 0.028
2450.000 0.030
2460.000 0.030
2470.000 0.030
2480.000 0.036
2490.000 0.040
2500.000 0.044
2510.000 0.052
2520.000 0.067
2530.000 0.099
2540.000 0.125
2550.000 0.165
2560.000 0.085
2570.000 0.064
2580.000 0.043
2590.000 0.038
2600.000 0.030
2610.000 0.026
2620.000 0.023
2630.000 0.022
2640.000 0.022
2650.000 0.018
2660.000 0.019
2670.000 0.017
2680.000 0.019
2690.000 0.016
2700.000 0.018
2710.000 0.019
2720.000 0.018
2730.000 0.020
2740.000 0.020
2750.000 0.021
2760.000 0.023
2770.000 0.025
2780.000 0.029
2790.000 0.030
2800.000 0.031
2810.000 0.035
2820.000 0.040
2830.000 0.047
2840.000 0.053
2850.000 0.064
2860.000 0.083
2870.000 0.097
2880.000 0.140
2890.000 0.173
2900.000 0.279
2910.000 0.345
2920.000 0.290
2930.000 0.176
2940.000 0.145
2950.000 0.116
2960.000 0.097
2970.000 0.093
2980.000 0.084
2990.000 0.079
3000.000 0.074
3010.000 0.073
3020.000 0.074
3030.000 0.073
3040.000 0.073
3050.000 0.074
3060.000 0.072
3070.000 0.074
3080.000 0.079
3090.000 0.079
3100.000 0.084
3110.000 0.086
3120.000 0.094
3130.000 0.101
3140.000 0.106
3150.000 0.119
3160.000 0.124
3170.000 0.143
3180.000 0.166
3190.000 0.180
3200.000 0.216
3210.000 0.268
3220.000 0.304
3230.000 0.347
3240.000 0.474
3250.000 0.668
3260.000 0.784
3270.000 0.939
3280.000 0.780
3290.000 0.662
3300.000 0.497
3310.000 0.446
3320.000 0.369
3330.000 0.320
3340.000 0.300
3350.000 0.272
3360.000 0.250
3370.000 0.242
3380.000 0.225
3390.000 0.221
3400.000 0.210
3410.000 0.205
3420.000 0.198
3430.000 0.192
3440.000 0.190
3450.000 0.186
3460.000 0.186
3470.000 0.185
3480.000 0.186
3490.000 0.187
3500.000 0.190
3510.000 0.193
3520.000 0.200
3530.000 0.211
3540.000 0.217
3550.000 0.234
3560.000 0.245
3570.000 0.274
3580.000 0.317
3590.000 0.346
3600.000 0.429
3610.000 0.488
3620.000 0.662
3630.000 0.781
3640.000 0.991
3650.000 0.825
3660.000 0.648
3670.000 0.435
3680.000 0.324
3690.000 0.287
3700.000 0.234
3710.000 0.213
3720.000 0.185
3730.000 0.161
3740.000 0.152
3750.000 0.140
3760.000 0.128
3770.000 0.126
3780.000 0.120
3790.000 0.117
3800.000 0.111
3810.000 0.112
3820.000 0.109
3830.000 0.111
3840.000 0.111
3850.000 0.111
3860.000 0.114
3870.000 0.120
3880.000 0.126
3890.000 0.129
3900.000 0.143
3910.000 0.149
3920.000 0.168
3930.000 0.196
3940.000 0.213
3950.000 0.261
3960.000 0.295
3970.000 0.392
3980.000 0.564
3990.000 0.684
4000.000 0.899
4010.000 0.866
4020.000 0.546
4030.000 0.444
4040.000 0.321
4050.000 0.250
4060.000 0.225
4070.000 0.189
4080.000 0.164
4090.000 0.153
4100.000 0.138
4110.000 0.133
4120.000 0.124
4130.000 0.117
4140.000 0.112
4150.000 0.112
4160.000 0.110
4170.000 0.109
4180.000 0.110
4190.000 0.112
4200.000 0.114
4210.000 0.117
4220.000 0.120
4230.000 0.123
4240.000 0.129
4250.000 0.137
4260.000 0.143
4270.000 0.157
4280.000 0.165
4290.000 0.185
4300.000 0.217
4310.000 0.238
4320.000 0.297
4330.000 0.340
4340.000 0.475
4350.000 0.713
4360.000 0.864
4370.000 0.908
4380.000 0.504
4390.000 0.404
4400.000 0.338
4410.000 0.255
4420.000 0.205
4430.000 0.188
4440.000 0.161
4450.000 0.143
4460.000 0.136
4470.000 0.124
4480.000 0.120
4490.000 0.112
4500.000 0.107
4510.000 0.104
4520.000 0.101
4530.000 0.101
4540.000 0.101
4550.000 0.099
4560.000 0.100
4570.000 0.101
4580.000 0.102
4590.000 0.108
4600.000 0.112
4610.000 0.117
4620.000 0.126
4630.000 0.139
4640.000 0.148
4650.000 0.156
4660.000 0.180
4670.000 0.217
4680.000 0.243
4690.000 0.317
4700.000 0.452
4710.000 0.556
4720.000 0.849
4730.000 0.915
4740.000 0.575
4750.000 0.359
4760.000 0.305
4770.000 0.235
4780.000 0.210
4790.000 0.177
4800.000 0.165
4810.000 0.145
4820.000 0.132
4830.000 0.126
4840.000 0.117
4850.000 0.110
4860.000 0.109
4870.000 0.105
4880.000 0.104
4890.000 0.101
4900.000 0.101
4910.000 0.099
4920.000 0.102
4930.000 0.101
4940.000 0.103
4950.000 0.106
4960.000 0.112
4970.000 0.118
4980.000 0.123
4990.000 0.133
5000.000 0.149
5010.000 0.157
5020.000 0.182
5030.000 0.200
5040.000 0.246
5050.000 0.279
5060.000 0.383
5070.000 0.573
5080.000 0.708
5090.000 0.868
5100.000 0.512
5110.000 0.401
5120.000 0.278
5130.000 0.241
5140.000 0.194
5150.000 0.160
5160.000 0.148
5170.000 0.131
5180.000 0.124
5190.000 0.113
5200.000 0.109
5210.000 0.100
5220.000 0.095
5230.000 0.093
5240.000 0.090
5250.000 0.088
5260.000 0.086
5270.000 0.087
5280.000 0.087
5290.000 0.088
5300.000 0.089
5310.000 0.092
5320.000 0.095
5330.000 0.096
5340.000 0.103
5350.000 0.109
5360.000 0.118
5370.000 0.133
5380.000 0.141
5390.000 0.167
5400.000 0.205
5410.000 0.235
5420.000 0.324
5430.000 0.394
5440.000 0.597
5450.000 0.691
5460.000 0.543
5470.000 0.305
5480.000 0.250
5490.000 0.187
5500.000 0.165
5510.000 0.137
5520.000 0.117
5530.000 0.110
5540.000 0.097
5550.000 0.089
5560.000 0.086
5570.000 0.080
5580.000 0.077
5590.000 0.074
5600.000 0.075
5610.000 0.071
5620.000 0.071
5630.000 0.070
5640.000 0.070
5650.000 0.071
5660.000 0.071
5670.000 0.075
5680.000 0.075
5690.000 0.079
5700.000 0.082
5710.000 0.089
5720.000 0.097
5730.000 0.102
5740.000 0.116
5750.000 0.127
5760.000 0.153
5770.000 0.194
5780.000 0.226
5790.000 0.322
5800.000 0.480
5810.000 0.552
5820.000 0.553
5830.000 0.332
5840.000 0.218
5850.000 0.187
5860.000 0.144
5870.000 0.119
5880.000 0.109
5890.000 0.095
5900.000 0.084
5910.000 0.080
5920.000 0.073
5930.000 0.070
5940.000 0.066
5950.000 0.064
5960.000 0.063
5970.000 0.060
5980.000 0.057
5990.000 0.058
6000.000 0.057
6010.000 0.058
6020.000 0.059
6030.000 0.060
6040.000 0.063
6050.000 0.064
6060.000 0.067
6070.000 0.071
6080.000 0.077
6090.000 0.087
6100.000 0.092
6110.000 0.108
6120.000 0.118
6130.000 0.146
6140.000 0.195
6150.000 0.232
6160.000 0.343
6170.000 0.471
6180.000 0.458
6190.000 0.273
6200.000 0.220
6210.000 0.158
6220.000 0.138
6230.000 0.112
6240.000 0.095
6250.000 0.089
6260.000 0.079
6270.000 0.071
6280.000 0.069
6290.000 0.065
6300.000 0.062
6310.000 0.060
6320.000 0.059
6330.000 0.058
6340.000 0.056
6350.000 0.056
6360.000 0.056
6370.000 0.056
6380.000 0.057
6390.000 0.059
6400.000 0.059
6410.000 0.064
6420.000 0.068
6430.000 0.069
6440.000 0.076
6450.000 0.081
6460.000 0.090
6470.000 0.098
6480.000 0.117
6490.000 0.145
6500.000 0.165
6510.000 0.232
6520.000 0.280
6530.000 0.408
6540.000 0.427
6550.000 0.335
6560.000 0.205
6570.000 0.172
6580.000 0.132
6590.000 0.117
6600.000 0.098
6610.000 0.084
6620.000 0.078
6630.000 0.070
6640.000 0.065
6650.000 0.063
6660.000 0.060
6670.000 0.058
6680.000 0.055
6690.000 0.054
6700.000 0.052
6710.000 0.052
6720.000 0.053
6730.000 0.053
6740.000 0.055
6750.000 0.055
6760.000 0.057
6770.000 0.059
6780.000 0.061
6790.000 0.064
6800.000 0.069
6810.000 0.077
6820.000 0.087
6830.000 0.094
6840.000 0.102
6850.000 0.124
6860.000 0.160
6870.000 0.185
6880.000 0.263
6890.000 0.368
6900.000 0.396
6910.000 0.293
6920.000 0.230
6930.000 0.161
6940.000 0.125
6950.000 0.111
6960.000 0.095
6970.000 0.088
6980.000 0.077
6990.000 0.069
7000.000 0.065
7010.000 0.062
7020.000 0.060
7030.000 0.058
7040.000 0.054
7050.000 0.054
7060.000 0.053
7070.000 0.052
7080.000 0.053
7090.000 0.052
7100.000 0.054
7110.000 0.054
7120.000 0.055
7130.000 0.059
7140.000 0.060
7150.000 0.064
7160.000 0.069
7170.000 0.072
7180.000 0.081
7190.000 0.093
7200.000 0.100
7210.000 0.122
7220.000 0.137
7230.000 0.179
7240.000 0.214
7250.000 0.309
7260.000 0.389
7270.000 0.361
7280.000 0.220
7290.000 0.150
7300.000 0.129
7310.000 0.103
7320.000 0.092
7330.000 0.078
7340.000 0.073
7350.000 0.063
7360.000 0.059
7370.000 0.055
7380.000 0.052
7390.000 0.050
7400.000 0.048
7410.000 0.045
7420.000 0.046
7430.000 0.044
7440.000 0.045
7450.000 0.044
7460.000 0.045
7470.000 0.045
7480.000 0.046
7490.000 0.047
7500.000 0.051
7510.000 0.053
7520.000 0.055
7530.000 0.060
7540.000 0.067
7550.000 0.074
7560.000 0.086
7570.000 0.094
7580.000 0.116
7590.000 0.156
7600.000 0.184
7610.000 0.267
7620.000 0.314
7630.000 0.321
7640.000 0.260
7650.000 0.165
7660.000 0.122
7670.000 0.108
7680.000 0.088
7690.000 0.073
7700.000 0.070
7710.000 0.063
7720.000 0.060
7730.000 0.055
7740.000 0.054
7750.000 0.050
7760.000 0.047
7770.000 0.047
7780.000 0.046
7790.000 0.046
7800.000 0.045
7810.000 0.046
7820.000 0.047
7830.000 0.046
7840.000 0.048
7850.000 0.049
7860.000 0.050
7870.000 0.053
7880.000 0.056
7890.000 0.059
7900.000 0.065
7910.000 0.075
7920.000 0.081
7930.000 0.091
7940.000 0.098
7950.000 0.123
7960.000 0.168
7970.000 0.195
7980.000 0.258
7990.000 0.277
8000.000 0.210
8010.000 0.166
8020.000 0.123
8030.000 0.093
8040.000 0.082
8050.000 0.068
8060.000 0.058
8070.000 0.054
8080.000 0.050
8090.000 0.045
8100.000 0.045
8110.000 0.042
8120.000 0.039
8130.000 0.038
8140.000 0.038
8150.000 0.038
8160.000 0.039
8170.000 0.039
8180.000 0.037
8190.000 0.037
8200.000 0.037
8210.000 0.040
8220.000 0.040
8230.000 0.042
8240.000 0.042
8250.000 0.048
8260.000 0.050
8270.000 0.057
8280.000 0.066
8290.000 0.073
8300.000 0.091
8310.000 0.103
8320.000 0.136
8330.000 0.159
8340.000 0.160
8350.000 0.202
8360.000 0.220
8370.000 0.161
8380.000 0.112
8390.000 0.097
8400.000 0.076
8410.000 0.071
8420.000 0.060
8430.000 0.052
8440.000 0.052
8450.000 0.049
8460.000 0.047
8470.000 0.044
8480.000 0.042
8490.000 0.041
8500.000 0.039
8510.000 0.039
8520.000 0.038
8530.000 0.037
8540.000 0.037
8550.000 0.039
8560.000 0.038
8570.000 0.039
8580.000 0.039
8590.000 0.040
8600.000 0.043
8610.000 0.046
8620.000 0.049
8630.000 0.055
8640.000 0.058
8650.000 0.067
8660.000 0.073
8670.000 0.090
8680.000 0.117
8690.000 0.136
8700.000 0.191
8710.000 0.221
8720.000 0.198
8730.000 0.131
8740.000 0.110
8750.000 0.081
8760.000 0.063
8770.000 0.057
8780.000 0.048
8790.000 0.045
8800.000 0.039
8810.000 0.038
8820.000 0.034
8830.000 0.033
8840.000 0.031
8850.000 0.030
8860.000 0.028
8870.000 0.027
8880.000 0.025
8890.000 0.024
8900.000 0.026
8910.000 0.027
8920.000 0.027
8930.000 0.030
8940.000 0.031
8950.000 0.034
8960.000 0.035
8970.000 0.037
8980.000 0.042
8990.000 0.045
9000.000 0.052
9010.000 0.063
9020.000 0.069
9030.000 0.078
9040.000 0.101
9050.000 0.135
9060.000 0.157
9070.000 0.211
9080.000 0.201
9090.000 0.167
9100.000 0.117
9110.000 0.102
9120.000 0.081
9130.000 0.075
9140.000 0.063
9150.000 0.055
9160.000 0.052
9170.000 0.048
9180.000 0.045
9190.000 0.043
9200.000 0.041
9210.000 0.041
9220.000 0.039
9230.000 0.036
9240.000 0.038
9250.000 0.038
9260.000 0.039
9270.000 0.039
9280.000 0.039
9290.000 0.039
9300.000 0.040
9310.000 0.041
9320.000 0.044
9330.000 0.046
9340.000 0.049
9350.000 0.053
9360.000 0.055
9370.000 0.063
9380.000 0.076
9390.000 0.084
9400.000 0.105
9410.000 0.122
9420.000 0.163
9430.000 0.204
9440.000 0.206
9450.000 0.150
9460.000 0.121
9470.000 0.086
9480.000 0.066
9490.000 0.059
9500.000 0.049
9510.000 0.046
9520.000 0.040
9530.000 0.038
9540.000 0.035
9550.000 0.032
9560.000 0.030
9570.000 0.029
9580.000 0.028
9590.000 0.027
9600.000 0.026
9610.000 0.026
9620.000 0.027
9630.000 0.027
9640.000 0.026
9650.000 0.028
9660.000 0.028
9670.000 0.029
9680.000 0.030
9690.000 0.033
9700.000 0.036
9710.000 0.037
9720.000 0.042
9730.000 0.049
9740.000 0.052
9750.000 0.067
9760.000 0.075
9770.000 0.099
9780.000 0.119
9790.000 0.162
9800.000 0.181
9810.000 0.158
9820.000 0.106
9830.000 0.090
9840.000 0.070
9850.000 0.057
9860.000 0.052
9870.000 0.045
9880.000 0.042
9890.000 0.039
9900.000 0.036
9910.000 0.036
9920.000 0.033
9930.000 0.032
9940.000 0.031
9950.000 0.031
9960.000 0.029
9970.000 0.029
9980.000 0.028
9990.000 0.029
10000.000 0.030
