1.000 0.046
2.000 0.040
3.000 0.034
4.000 0.030
5.000 0.022
6.000 0.033
7.000 0.024
8.000 0.030
9.000 0.039
10.000 0.018
11.000 0.016
12.000 0.032
13.000 0.031
14.000 0.020
15.000 0.042
16.000 0.031
17.000 0.028
18.000 0.034
19.000 0.056
20.000 0.030
21.000 0.044
22.000 0.032
23.000 0.029
24.000 0.030
25.000 0.026
26.000 0.059
27.000 0.037
28.000 0.034
29.000 0.026
30.000 0.033
31.000 0.033
32.000 0.048
33.000 0.019
34.000 0.053
35.000 0.019
36.000 0.034
37.000 0.042
38.000 0.028
39.000 0.056
40.000 0.036
41.000 0.045
42.000 0.021
43.000 0.032
44.000 0.032
45.000 0.026
46.000 0.033
47.000 0.028
48.000 0.043
49.000 0.021
50.000 0.031
51.000 0.020
52.000 0.019
53.000 0.019
54.000 0.034
55.000 0.027
56.000 0.026
57.000 0.034
58.000 0.054
59.000 0.053
60.000 0.038
61.000 0.027
62.000 0.046
63.000 0.027
64.000 0.042
65.000 0.022
66.000 0.025
67.000 0.050
68.000 0.065
69.000 0.048
70.000 0.019
71.000 0.022
72.000 0.020
73.000 0.046
74.000 0.045
75.000 0.043
76.000 0.024
77.000 0.053
78.000 0.040
79.000 0.056
80.000 0.038
81.000 0.028
82.000 0.056
83.000 0.033
84.000 0.039
85.000 0.047
86.000 0.045
87.000 0.049
88.000 0.021
89.000 0.035
90.000 0.055
91.000 0.045
92.000 0.056
93.000 0.031
94.000 0.039
95.000 0.050
96.000 0.049
97.000 0.037
98.000 0.044
99.000 0.046
100.000 0.046
101.000 0.043
102.000 0.043
103.000 0.043
104.000 0.035
105.000 0.055
106.000 0.045
107.000 0.052
108.000 0.033
109.000 0.042
110.000 0.038
111.000 0.025
112.000 0.057
113.000 0.062
114.000 0.046
115.000 0.034
116.000 0.044
117.000 0.049
118.000 0.038
119.000 0.046
120.000 0.047
121.000 0.036
122.000 0.027
123.000 0.044
124.000 0.035
125.000 0.049
126.000 0.028
127.000 0.054
128.000 0.034
129.000 0.059
130.000 0.037
131.000 0.040
132.000 0.055
133.000 0.041
134.000 0.032
135.000 0.031
136.000 0.032
137.000 0.035
138.000 0.040
139.000 0.042
140.000 0.041
141.000 0.027
142.000 0.032
143.000 0.052
144.000 0.056
145.000 0.038
146.000 0.044
147.000 0.063
148.000 0.030
149.000 0.051
150.000 0.041
151.000 0.049
152.000 0.047
153.000 0.052
154.000 0.037
155.000 0.038
156.000 0.065
157.000 0.037
158.000 0.038
159.000 0.041
160.000 0.056
161.000 0.045
162.000 0.055
163.000 0.058
164.000 0.058
165.000 0.052
166.000 0.048
167.000 0.054
168.000 0.045
169.000 0.055
170.000 0.070
171.000 0.081
172.000 0.053
173.000 0.049
174.000 0.057
175.000 0.069
176.000 0.071
177.000 0.072
178.000 0.067
179.000 0.063
180.000 0.076
181.000 0.087
182.000 0.087
183.000 0.094
184.000 0.093
185.000 0.096
186.000 0.101
187.000 0.114
188.000 0.130
189.000 0.104
190.000 0.119
191.000 0.116
192.000 0.117
193.000 0.111
194.000 0.108
195.000 0.107
196.000 0.090
197.000 0.094
198.000 0.095
199.000 0.083
200.000 0.084
201.000 0.077
202.000 0.066
203.000 0.079
204.000 0.072
205.000 0.072
206.000 0.055
207.000 0.064
208.000 0.058
209.000 0.060
210.000 0.053
211.000 0.053
212.000 0.054
213.000 0.069
214.000 0.048
215.000 0.053
216.000 0.049
217.000 0.044
218.000 0.044
219.000 0.053
220.000 0.042
221.000 0.049
222.000 0.048
223.000 0.043
224.000 0.036
225.000 0.046
226.000 0.037
227.000 0.032
228.000 0.038
229.000 0.034
230.000 0.033
231.000 0.040
232.000 0.031
233.000 0.034
234.000 0.035
235.000 0.033
236.000 0.026
237.000 0.038
238.000 0.032
239.000 0.039
240.000 0.024
241.000 0.042
242.000 0.041
243.000 0.036
244.000 0.032
245.000 0.027
246.000 0.029
247.000 0.040
248.000 0.031
249.000 0.031
250.000 0.031
251.000 0.029
252.000 0.026
253.000 0.023
254.000 0.023
255.000 0.041
256.000 0.029
257.000 0.025
258.000 0.039
259.000 0.037
260.000 0.022
261.000 0.037
262.000 0.037
263.000 0.031
264.000 0.027
265.000 0.027
266.000 0.030
267.000 0.027
268.000 0.026
269.000 0.031
270.000 0.039
271.000 0.030
272.000 0.026
273.000 0.029
274.000 0.033
275.000 0.026
276.000 0.029
277.000 0.035
278.000 0.032
279.000 0.025
280.000 0.019
281.000 0.024
282.000 0.017
283.000 0.022
284.000 0.028
285.000 0.035
286.000 0.037
287.000 0.017
288.000 0.024
289.000 0.022
290.000 0.021
291.000 0.032
292.000 0.029
293.000 0.025
294.000 0.041
295.000 0.023
296.000 0.025
297.000 0.033
298.000 0.024
299.000 0.022
300.000 0.030
301.000 0.026
302.000 0.031
303.000 0.027
304.000 0.032
305.000 0.020
306.000 0.018
307.000 0.017
308.000 0.026
309.000 0.021
310.000 0.025
311.000 0.020
312.000 0.030
313.000 0.020
314.000 0.024
315.000 0.033
316.000 0.030
317.000 0.021
318.000 0.023
319.000 0.016
320.000 0.022
321.000 0.023
322.000 0.034
323.000 0.022
324.000 0.020
325.000 0.020
326.000 0.022
327.000 0.022
328.000 0.023
329.000 0.024
330.000 0.020
331.000 0.028
332.000 0.021
333.000 0.025
334.000 0.028
335.000 0.030
336.000 0.021
337.000 0.017
338.000 0.025
339.000 0.023
340.000 0.026
341.000 0.028
342.000 0.019
343.000 0.028
344.000 0.020
345.000 0.024
346.000 0.028
347.000 0.019
348.000 0.022
349.000 0.013
350.000 0.020
351.000 0.024
352.000 0.032
353.000 0.024
354.000 0.020
355.000 0.025
356.000 0.024
357.000 0.023
358.000 0.027
359.000 0.022
360.000 0.022
361.000 0.016
362.000 0.023
363.000 0.021
364.000 0.029
365.000 0.020
366.000 0.020
367.000 0.012
368.000 0.020
369.000 0.022
370.000 0.024
371.000 0.019
372.000 0.021
373.000 0.021
374.000 0.022
375.000 0.021
376.000 0.019
377.000 0.022
378.000 0.020
379.000 0.026
380.000 0.020
381.000 0.021
382.000 0.018
383.000 0.019
384.000 0.028
385.000 0.021
386.000 0.027
387.000 0.016
388.000 0.022
389.000 0.024
390.000 0.024
391.000 0.018
392.000 0.023
393.000 0.021
394.000 0.015
395.000 0.022
396.000 0.022
397.000 0.018
398.000 0.027
399.000 0.023
400.000 0.019
401.000 0.018
402.000 0.016
403.000 0.019
404.000 0.025
405.000 0.021
406.000 0.018
407.000 0.021
408.000 0.020
409.000 0.026
410.000 0.021
411.000 0.019
412.000 0.015
413.000 0.018
414.000 0.022
415.000 0.019
416.000 0.021
417.000 0.020
418.000 0.016
419.000 0.014
420.000 0.015
421.000 0.013
422.000 0.016
423.000 0.018
424.000 0.023
425.000 0.017
426.000 0.016
427.000 0.021
428.000 0.021
429.000 0.016
430.000 0.012
431.000 0.019
432.000 0.021
433.000 0.021
434.000 0.018
435.000 0.018
436.000 0.024
437.000 0.016
438.000 0.013
439.000 0.014
440.000 0.012
441.000 0.016
442.000 0.015
443.000 0.019
444.000 0.014
445.000 0.023
446.000 0.011
447.000 0.023
448.000 0.012
449.000 0.008
450.000 0.017
451.000 0.011
452.000 0.024
453.000 0.018
454.000 0.018
455.000 0.014
456.000 0.014
457.000 0.015
458.000 0.017
459.000 0.014
460.000 0.020
461.000 0.013
462.000 0.017
463.000 0.016
464.000 0.011
465.000 0.013
466.000 0.012
467.000 0.013
468.000 0.012
469.000 0.012
470.000 0.013
471.000 0.015
472.000 0.014
473.000 0.013
474.000 0.015
475.000 0.015
476.000 0.013
477.000 0.019
478.000 0.016
479.000 0.012
480.000 0.015
481.000 0.010
482.000 0.013
483.000 0.011
484.000 0.013
485.000 0.012
486.000 0.008
487.000 0.006
488.000 0.010
489.000 0.010
490.000 0.011
491.000 0.011
492.000 0.016
493.000 0.012
494.000 0.014
495.000 0.018
496.000 0.012
497.000 0.015
498.000 0.016
499.000 0.009
500.000 0.012
501.000 0.014
502.000 0.016
503.000 0.008
504.000 0.013
505.000 0.014
506.000 0.012
507.000 0.012
508.000 0.011
509.000 0.014
510.000 0.017
511.000 0.012
512.000 0.010
513.000 0.012
514.000 0.014
515.000 0.015
516.000 0.009
517.000 0.018
518.000 0.011
519.000 0.012
520.000 0.013
521.000 0.015
522.000 0.012
523.000 0.012
524.000 0.014
525.000 0.013
526.000 0.018
527.000 0.009
528.000 0.011
529.000 0.009
530.000 0.016
531.000 0.010
532.000 0.012
533.000 0.015
534.000 0.012
535.000 0.011
536.000 0.010
537.000 0.018
538.000 0.011
539.000 0.013
540.000 0.012
541.000 0.013
542.000 0.013
543.000 0.014
544.000 0.008
545.000 0.015
546.000 0.012
547.000 0.011
548.000 0.007
549.000 0.011
550.000 0.012
551.000 0.007
552.000 0.012
553.000 0.012
554.000 0.015
555.000 0.013
556.000 0.013
557.000 0.013
558.000 0.010
559.000 0.014
560.000 0.012
561.000 0.019
562.000 0.015
563.000 0.011
564.000 0.016
565.000 0.014
566.000 0.013
567.000 0.012
568.000 0.009
569.000 0.011
570.000 0.020
571.000 0.015
572.000 0.011
573.000 0.013
574.000 0.013
575.000 0.009
576.000 0.012
577.000 0.011
578.000 0.011
579.000 0.014
580.000 0.012
581.000 0.016
582.000 0.014
583.000 0.010
584.000 0.011
585.000 0.013
586.000 0.013
587.000 0.012
588.000 0.015
589.000 0.013
590.000 0.008
591.000 0.008
592.000 0.014
593.000 0.014
594.000 0.014
595.000 0.013
596.000 0.014
597.000 0.007
598.000 0.014
599.000 0.013
600.000 0.011
601.000 0.010
602.000 0.012
603.000 0.010
604.000 0.011
605.000 0.010
606.000 0.010
607.000 0.012
608.000 0.009
609.000 0.012
610.000 0.010
611.000 0.009
612.000 0.010
613.000 0.012
614.000 0.013
615.000 0.009
616.000 0.009
617.000 0.013
618.000 0.012
619.000 0.012
620.000 0.010
621.000 0.009
622.000 0.015
623.000 0.014
624.000 0.016
625.000 0.013
626.000 0.013
627.000 0.013
628.000 0.011
629.000 0.013
630.000 0.010
631.000 0.015
632.000 0.012
633.000 0.010
634.000 0.012
635.000 0.011
636.000 0.014
637.000 0.013
638.000 0.010
639.000 0.012
640.000 0.010
641.000 0.009
642.000 0.010
643.000 0.010
644.000 0.014
645.000 0.015
646.000 0.011
647.000 0.010
648.000 0.012
649.000 0.009
650.000 0.012
651.000 0.009
652.000 0.013
653.000 0.014
654.000 0.014
655.000 0.011
656.000 0.012
657.000 0.011
658.000 0.012
659.000 0.019
660.000 0.009
661.000 0.012
662.000 0.012
663.000 0.011
664.000 0.009
665.000 0.009
666.000 0.011
667.000 0.013
668.000 0.013
669.000 0.012
670.000 0.009
671.000 0.016
672.000 0.014
673.000 0.009
674.000 0.008
675.000 0.007
676.000 0.009
677.000 0.013
678.000 0.011
679.000 0.009
680.000 0.012
681.000 0.012
682.000 0.013
683.000 0.012
684.000 0.010
685.000 0.010
686.000 0.014
687.000 0.014
688.000 0.012
689.000 0.010
690.000 0.011
691.000 0.010
692.000 0.017
693.000 0.011
694.000 0.011
695.000 0.011
696.000 0.013
697.000 0.011
698.000 0.016
699.000 0.008
700.000 0.012
701.000 0.012
702.000 0.010
703.000 0.011
704.000 0.012
705.000 0.010
706.000 0.009
707.000 0.007
708.000 0.009
709.000 0.019
710.000 0.010
711.000 0.011
712.000 0.014
713.000 0.013
714.000 0.015
715.000 0.013
716.000 0.012
717.000 0.012
718.000 0.011
719.000 0.010
720.000 0.010
721.000 0.009
722.000 0.010
723.000 0.010
724.000 0.010
725.000 0.012
726.000 0.016
727.000 0.014
728.000 0.011
729.000 0.016
730.000 0.013
731.000 0.014
732.000 0.011
733.000 0.011
734.000 0.010
735.000 0.011
736.000 0.009
737.000 0.011
738.000 0.013
739.000 0.013
740.000 0.014
741.000 0.012
742.000 0.008
743.000 0.010
744.000 0.013
745.000 0.009
746.000 0.011
747.000 0.011
748.000 0.010
749.000 0.014
750.000 0.009
751.000 0.010
752.000 0.010
753.000 0.010
754.000 0.010
755.000 0.011
756.000 0.009
757.000 0.007
758.000 0.013
759.000 0.011
760.000 0.009
761.000 0.009
762.000 0.008
763.000 0.007
764.000 0.010
765.000 0.007
766.000 0.013
767.000 0.006
768.000 0.011
769.000 0.010
770.000 0.011
771.000 0.011
772.000 0.012
773.000 0.009
774.000 0.011
775.000 0.011
776.000 0.013
777.000 0.011
778.000 0.011
779.000 0.013
780.000 0.009
781.000 0.009
782.000 0.010
783.000 0.012
784.000 0.009
785.000 0.013
786.000 0.010
787.000 0.010
788.000 0.006
789.000 0.009
790.000 0.011
791.000 0.011
792.000 0.011
793.000 0.008
794.000 0.012
795.000 0.012
796.000 0.010
797.000 0.009
798.000 0.009
799.000 0.011
800.000 0.014
801.000 0.013
802.000 0.010
803.000 0.010
804.000 0.011
805.000 0.012
806.000 0.008
807.000 0.009
808.000 0.007
809.000 0.009
810.000 0.010
811.000 0.009
812.000 0.012
813.000 0.011
814.000 0.009
815.000 0.012
816.000 0.010
817.000 0.007
818.000 0.011
819.000 0.009
820.000 0.009
821.000 0.013
822.000 0.010
823.000 0.009
824.000 0.008
825.000 0.012
826.000 0.008
827.000 0.010
828.000 0.009
829.000 0.012
830.000 0.011
831.000 0.011
832.000 0.007
833.000 0.009
834.000 0.011
835.000 0.010
836.000 0.009
837.000 0.010
838.000 0.009
839.000 0.012
840.000 0.012
841.000 0.008
842.000 0.010
843.000 0.011
844.000 0.011
845.000 0.010
846.000 0.010
847.000 0.011
848.000 0.009
849.000 0.011
850.000 0.007
851.000 0.010
852.000 0.010
853.000 0.009
854.000 0.008
855.000 0.008
856.000 0.009
857.000 0.009
858.000 0.010
859.000 0.010
860.000 0.013
861.000 0.011
862.000 0.008
863.000 0.011
864.000 0.014
865.000 0.009
866.000 0.009
867.000 0.012
868.000 0.009
869.000 0.011
870.000 0.012
871.000 0.012
872.000 0.014
873.000 0.010
874.000 0.010
875.000 0.006
876.000 0.008
877.000 0.013
878.000 0.007
879.000 0.010
880.000 0.011
881.000 0.009
882.000 0.012
883.000 0.013
884.000 0.011
885.000 0.006
886.000 0.012
887.000 0.008
888.000 0.013
889.000 0.010
890.000 0.011
891.000 0.009
892.000 0.009
893.000 0.010
894.000 0.011
895.000 0.013
896.000 0.010
897.000 0.010
898.000 0.009
899.000 0.009
900.000 0.012
901.000 0.009
902.000 0.009
903.000 0.012
904.000 0.010
905.000 0.010
906.000 0.008
907.000 0.006
908.000 0.009
909.000 0.009
910.000 0.010
911.000 0.011
912.000 0.010
913.000 0.006
914.000 0.010
915.000 0.009
916.000 0.007
917.000 0.008
918.000 0.011
919.000 0.011
920.000 0.011
921.000 0.008
922.000 0.008
923.000 0.012
924.000 0.008
925.000 0.012
926.000 0.009
927.000 0.009
928.000 0.010
929.000 0.010
930.000 0.009
931.000 0.013
932.000 0.012
933.000 0.009
934.000 0.012
935.000 0.010
936.000 0.012
937.000 0.012
938.000 0.009
939.000 0.007
940.000 0.007
941.000 0.012
942.000 0.012
943.000 0.007
944.000 0.009
945.000 0.011
946.000 0.011
947.000 0.011
948.000 0.011
949.000 0.009
950.000 0.007
951.000 0.009
952.000 0.009
953.000 0.008
954.000 0.008
955.000 0.009
956.000 0.010
957.000 0.007
958.000 0.007
959.000 0.010
960.000 0.011
961.000 0.010
962.000 0.009
963.000 0.011
964.000 0.011
965.000 0.010
966.000 0.007
967.000 0.009
968.000 0.004
969.000 0.007
970.000 0.009
971.000 0.010
972.000 0.009
973.000 0.010
974.000 0.008
975.000 0.010
976.000 0.009
977.000 0.008
978.000 0.006
979.000 0.006
980.000 0.009
981.000 0.012
982.000 0.011
983.000 0.009
984.000 0.010
985.000 0.009
986.000 0.008
987.000 0.006
988.000 0.010
989.000 0.006
990.000 0.009
991.000 0.007
992.000 0.011
993.000 0.013
994.000 0.009
995.000 0.009
996.000 0.006
997.000 0.009
998.000 0.011
999.000 0.008
1000.000 0.012
1001.000 0.009
1002.000 0.009
1003.000 0.010
1004.000 0.010
1005.000 0.007
1006.000 0.010
1007.000 0.009
1008.000 0.008
1009.000 0.008
1010.000 0.010
1011.000 0.012
1012.000 0.008
1013.000 0.008
1014.000 0.008
1015.000 0.006
1016.000 0.008
1017.000 0.010
1018.000 0.010
1019.000 0.009
1020.000 0.010
1021.000 0.010
1022.000 0.009
1023.000 0.009
1024.000 0.010
1025.000 0.011
1026.000 0.008
1027.000 0.011
1028.000 0.011
1029.000 0.007
1030.000 0.011
1031.000 0.010
1032.000 0.012
1033.000 0.008
1034.000 0.009
1035.000 0.009
1036.000 0.007
1037.000 0.009
1038.000 0.010
1039.000 0.009
1040.000 0.010
1041.000 0.008
1042.000 0.009
1043.000 0.009
1044.000 0.008
1045.000 0.005
1046.000 0.010
1047.000 0.011
1048.000 0.007
1049.000 0.011
1050.000 0.009
1051.000 0.011
1052.000 0.010
1053.000 0.010
1054.000 0.012
1055.000 0.014
1056.000 0.009
1057.000 0.009
1058.000 0.009
1059.000 0.006
1060.000 0.009
1061.000 0.010
1062.000 0.008
1063.000 0.007
1064.000 0.009
1065.000 0.008
1066.000 0.009
1067.000 0.009
1068.000 0.012
1069.000 0.008
1070.000 0.009
1071.000 0.009
1072.000 0.010
1073.000 0.009
1074.000 0.014
1075.000 0.008
1076.000 0.007
1077.000 0.012
1078.000 0.007
1079.000 0.009
1080.000 0.008
1081.000 0.008
1082.000 0.011
1083.000 0.010
1084.000 0.008
1085.000 0.009
1086.000 0.006
1087.000 0.009
1088.000 0.007
1089.000 0.010
1090.000 0.008
1091.000 0.009
1092.000 0.009
1093.000 0.006
1094.000 0.011
1095.000 0.011
1096.000 0.007
1097.000 0.009
1098.000 0.007
1099.000 0.010
1100.000 0.008
1101.000 0.008
1102.000 0.007
1103.000 0.009
1104.000 0.009
1105.000 0.004
1106.000 0.009
1107.000 0.012
1108.000 0.008
1109.000 0.013
1110.000 0.011
1111.000 0.007
1112.000 0.009
1113.000 0.010
1114.000 0.008
1115.000 0.008
1116.000 0.005
1117.000 0.008
1118.000 0.009
1119.000 0.008
1120.000 0.006
1121.000 0.010
1122.000 0.010
1123.000 0.008
1124.000 0.009
1125.000 0.010
1126.000 0.007
1127.000 0.009
1128.000 0.009
1129.000 0.010
1130.000 0.008
1131.000 0.009
1132.000 0.012
1133.000 0.007
1134.000 0.009
1135.000 0.007
1136.000 0.012
1137.000 0.010
1138.000 0.006
1139.000 0.008
1140.000 0.012
1141.000 0.007
1142.000 0.008
1143.000 0.008
1144.000 0.006
1145.000 0.009
1146.000 0.008
1147.000 0.010
1148.000 0.008
1149.000 0.009
1150.000 0.010
1151.000 0.008
1152.000 0.009
1153.000 0.010
1154.000 0.007
1155.000 0.009
1156.000 0.008
1157.000 0.010
1158.000 0.010
1159.000 0.010
1160.000 0.006
1161.000 0.008
1162.000 0.007
1163.000 0.006
1164.000 0.006
1165.000 0.009
1166.000 0.007
1167.000 0.009
1168.000 0.008
1169.000 0.008
1170.000 0.008
1171.000 0.007
1172.000 0.010
1173.000 0.007
1174.000 0.010
1175.000 0.007
1176.000 0.007
1177.000 0.008
1178.000 0.008
1179.000 0.007
1180.000 0.006
1181.000 0.008
1182.000 0.007
1183.000 0.008
1184.000 0.005
1185.000 0.009
1186.000 0.009
1187.000 0.008
1188.000 0.009
1189.000 0.013
1190.000 0.007
1191.000 0.008
1192.000 0.006
1193.000 0.008
1194.000 0.010
1195.000 0.009
1196.000 0.007
1197.000 0.007
1198.000 0.009
1199.000 0.008
1200.000 0.008
1201.000 0.010
1202.000 0.007
1203.000 0.007
1204.000 0.008
1205.000 0.011
1206.000 0.010
1207.000 0.007
1208.000 0.008
1209.000 0.009
1210.000 0.012
1211.000 0.008
1212.000 0.008
1213.000 0.011
1214.000 0.010
1215.000 0.011
1216.000 0.009
1217.000 0.011
1218.000 0.010
1219.000 0.007
1220.000 0.007
1221.000 0.005
1222.000 0.011
1223.000 0.013
1224.000 0.007
1225.000 0.007
1226.000 0.008
1227.000 0.010
1228.000 0.009
1229.000 0.008
1230.000 0.008
1231.000 0.006
1232.000 0.009
1233.000 0.009
1234.000 0.012
1235.000 0.006
1236.000 0.006
1237.000 0.013
1238.000 0.005
1239.000 0.009
1240.000 0.006
1241.000 0.008
1242.000 0.007
1243.000 0.009
1244.000 0.009
1245.000 0.008
1246.000 0.007
1247.000 0.011
1248.000 0.009
1249.000 0.008
1250.000 0.011
1251.000 0.010
1252.000 0.010
1253.000 0.012
1254.000 0.009
1255.000 0.008
1256.000 0.006
1257.000 0.009
1258.000 0.008
1259.000 0.010
1260.000 0.011
1261.000 0.007
1262.000 0.008
1263.000 0.009
1264.000 0.007
1265.000 0.008
1266.000 0.007
1267.000 0.008
1268.000 0.007
1269.000 0.011
1270.000 0.009
1271.000 0.008
1272.000 0.011
1273.000 0.007
1274.000 0.007
1275.000 0.007
1276.000 0.006
1277.000 0.008
1278.000 0.007
1279.000 0.009
1280.000 0.008
1281.000 0.011
1282.000 0.005
1283.000 0.006
1284.000 0.005
1285.000 0.009
1286.000 0.006
1287.000 0.008
1288.000 0.007
1289.000 0.011
1290.000 0.006
1291.000 0.008
1292.000 0.008
1293.000 0.007
1294.000 0.009
1295.000 0.009
1296.000 0.008
1297.000 0.010
1298.000 0.010
1299.000 0.006
1300.000 0.006
1301.000 0.007
1302.000 0.007
1303.000 0.007
1304.000 0.008
1305.000 0.006
1306.000 0.008
1307.000 0.007
1308.000 0.008
1309.000 0.008
1310.000 0.007
1311.000 0.011
1312.000 0.009
1313.000 0.007
1314.000 0.009
1315.000 0.009
1316.000 0.010
1317.000 0.008
1318.000 0.008
1319.000 0.006
1320.000 0.011
1321.000 0.008
1322.000 0.008
1323.000 0.007
1324.000 0.008
1325.000 0.007
1326.000 0.005
1327.000 0.006
1328.000 0.008
1329.000 0.013
1330.000 0.007
1331.000 0.008
1332.000 0.006
1333.000 0.009
1334.000 0.009
1335.000 0.008
1336.000 0.007
1337.000 0.007
1338.000 0.009
1339.000 0.007
1340.000 0.007
1341.000 0.009
1342.000 0.005
1343.000 0.008
1344.000 0.008
1345.000 0.007
1346.000 0.008
1347.000 0.006
1348.000 0.008
1349.000 0.007
1350.000 0.008
1351.000 0.007
1352.000 0.004
1353.000 0.006
1354.000 0.007
1355.000 0.006
1356.000 0.009
1357.000 0.009
1358.000 0.011
1359.000 0.007
1360.000 0.008
1361.000 0.010
1362.000 0.007
1363.000 0.010
1364.000 0.006
1365.000 0.008
1366.000 0.008
1367.000 0.006
1368.000 0.005
1369.000 0.006
1370.000 0.010
1371.000 0.008
1372.000 0.009
1373.000 0.008
1374.000 0.008
1375.000 0.007
1376.000 0.008
1377.000 0.010
1378.000 0.005
1379.000 0.011
1380.000 0.007
1381.000 0.005
1382.000 0.007
1383.000 0.009
1384.000 0.007
1385.000 0.006
1386.000 0.007
1387.000 0.006
1388.000 0.005
1389.000 0.009
1390.000 0.006
1391.000 0.009
1392.000 0.008
1393.000 0.011
1394.000 0.006
1395.000 0.008
1396.000 0.007
1397.000 0.009
1398.000 0.007
1399.000 0.006
1400.000 0.008
1401.000 0.006
1402.000 0.009
1403.000 0.008
1404.000 0.009
1405.000 0.009
1406.000 0.005
1407.000 0.008
1408.000 0.010
1409.000 0.009
1410.000 0.006
1411.000 0.006
1412.000 0.006
1413.000 0.008
1414.000 0.009
1415.000 0.008
1416.000 0.007
1417.000 0.009
1418.000 0.009
1419.000 0.008
1420.000 0.007
1421.000 0.008
1422.000 0.006
1423.000 0.008
1424.000 0.007
1425.000 0.008
1426.000 0.006
1427.000 0.008
1428.000 0.007
1429.000 0.008
1430.000 0.007
1431.000 0.004
1432.000 0.008
1433.000 0.008
1434.000 0.008
1435.000 0.005
1436.000 0.008
1437.000 0.008
1438.000 0.006
1439.000 0.006
1440.000 0.010
1441.000 0.007
1442.000 0.007
1443.000 0.008
1444.000 0.009
1445.000 0.007
1446.000 0.007
1447.000 0.010
1448.000 0.008
1449.000 0.010
1450.000 0.005
1451.000 0.008
1452.000 0.008
1453.000 0.009
1454.000 0.008
1455.000 0.006
1456.000 0.006
1457.000 0.005
1458.000 0.008
1459.000 0.008
1460.000 0.007
1461.000 0.008
1462.000 0.009
1463.000 0.010
1464.000 0.008
1465.000 0.008
1466.000 0.007
1467.000 0.008
1468.000 0.010
1469.000 0.010
1470.000 0.008
1471.000 0.007
1472.000 0.006
1473.000 0.008
1474.000 0.006
1475.000 0.007
1476.000 0.009
1477.000 0.005
1478.000 0.008
1479.000 0.009
1480.000 0.010
1481.000 0.004
1482.000 0.006
1483.000 0.006
1484.000 0.008
1485.000 0.008
1486.000 0.010
1487.000 0.006
1488.000 0.008
1489.000 0.005
1490.000 0.008
1491.000 0.006
1492.000 0.008
1493.000 0.006
1494.000 0.006
1495.000 0.007
1496.000 0.007
1497.000 0.009
1498.000 0.006
1499.000 0.006
1500.000 0.007
1501.000 0.007
1502.000 0.008
1503.000 0.008
1504.000 0.005
1505.000 0.009
1506.000 0.009
1507.000 0.007
1508.000 0.009
1509.000 0.008
1510.000 0.006
1511.000 0.005
1512.000 0.008
1513.000 0.010
1514.000 0.008
1515.000 0.007
1516.000 0.008
1517.000 0.009
1518.000 0.006
1519.000 0.008
1520.000 0.007
1521.000 0.006
1522.000 0.007
1523.000 0.007
1524.000 0.007
1525.000 0.007
1526.000 0.008
1527.000 0.007
1528.000 0.008
1529.000 0.007
1530.000 0.006
1531.000 0.007
1532.000 0.005
1533.000 0.005
1534.000 0.007
1535.000 0.008
1536.000 0.008
1537.000 0.007
1538.000 0.009
1539.000 0.007
1540.000 0.006
1541.000 0.007
1542.000 0.008
1543.000 0.008
1544.000 0.008
1545.000 0.005
1546.000 0.008
1547.000 0.007
1548.000 0.008
1549.000 0.005
1550.000 0.007
1551.000 0.007
1552.000 0.006
1553.000 0.006
1554.000 0.009
1555.000 0.005
1556.000 0.006
1557.000 0.009
1558.000 0.008
1559.000 0.006
1560.000 0.008
1561.000 0.010
1562.000 0.007
1563.000 0.008
1564.000 0.008
1565.000 0.006
1566.000 0.008
1567.000 0.006
1568.000 0.007
1569.000 0.009
1570.000 0.009
1571.000 0.008
1572.000 0.009
1573.000 0.008
1574.000 0.008
1575.000 0.008
1576.000 0.007
1577.000 0.006
1578.000 0.006
1579.000 0.007
1580.000 0.009
1581.000 0.006
1582.000 0.008
1583.000 0.010
1584.000 0.010
1585.000 0.009
1586.000 0.008
1587.000 0.006
1588.000 0.007
1589.000 0.006
1590.000 0.006
1591.000 0.007
1592.000 0.007
1593.000 0.010
1594.000 0.007
1595.000 0.008
1596.000 0.006
1597.000 0.008
1598.000 0.006
1599.000 0.007
1600.000 0.005
1601.000 0.007
1602.000 0.008
1603.000 0.007
1604.000 0.006
1605.000 0.007
1606.000 0.007
1607.000 0.007
1608.000 0.005
1609.000 0.008
1610.000 0.008
1611.000 0.007
1612.000 0.005
1613.000 0.008
1614.000 0.008
1615.000 0.008
1616.000 0.007
1617.000 0.006
1618.000 0.008
1619.000 0.006
1620.000 0.006
1621.000 0.007
1622.000 0.007
1623.000 0.008
1624.000 0.008
1625.000 0.007
1626.000 0.008
1627.000 0.007
1628.000 0.005
1629.000 0.007
1630.000 0.009
1631.000 0.007
1632.000 0.006
1633.000 0.005
1634.000 0.007
1635.000 0.007
1636.000 0.006
1637.000 0.006
1638.000 0.007
1639.000 0.005
1640.000 0.007
1641.000 0.009
1642.000 0.008
1643.000 0.004
1644.000 0.007
1645.000 0.005
1646.000 0.007
1647.000 0.006
1648.000 0.007
1649.000 0.009
1650.000 0.007
1651.000 0.006
1652.000 0.008
1653.000 0.007
1654.000 0.006
1655.000 0.008
1656.000 0.008
1657.000 0.006
1658.000 0.010
1659.000 0.009
1660.000 0.007
1661.000 0.006
1662.000 0.009
1663.000 0.007
1664.000 0.006
1665.000 0.006
1666.000 0.007
1667.000 0.006
1668.000 0.007
1669.000 0.006
1670.000 0.006
1671.000 0.009
1672.000 0.004
1673.000 0.006
1674.000 0.008
1675.000 0.010
1676.000 0.009
1677.000 0.008
1678.000 0.006
1679.000 0.009
1680.000 0.009
1681.000 0.006
1682.000 0.006
1683.000 0.007
1684.000 0.007
1685.000 0.008
1686.000 0.007
1687.000 0.005
1688.000 0.008
1689.000 0.006
1690.000 0.009
1691.000 0.008
1692.000 0.006
1693.000 0.006
1694.000 0.010
1695.000 0.006
1696.000 0.008
1697.000 0.006
1698.000 0.007
1699.000 0.007
1700.000 0.009
1701.000 0.007
1702.000 0.005
1703.000 0.006
1704.000 0.004
1705.000 0.006
1706.000 0.006
1707.000 0.008
1708.000 0.008
1709.000 0.005
1710.000 0.006
1711.000 0.005
1712.000 0.009
1713.000 0.008
1714.000 0.008
1715.000 0.004
1716.000 0.006
1717.000 0.008
1718.000 0.006
1719.000 0.009
1720.000 0.009
1721.000 0.005
1722.000 0.006
1723.000 0.009
1724.000 0.007
1725.000 0.007
1726.000 0.008
1727.000 0.007
1728.000 0.007
1729.000 0.008
1730.000 0.006
1731.000 0.006
1732.000 0.005
1733.000 0.008
1734.000 0.006
1735.000 0.005
1736.000 0.007
1737.000 0.007
1738.000 0.006
1739.000 0.004
1740.000 0.007
1741.000 0.005
1742.000 0.006
1743.000 0.009
1744.000 0.006
1745.000 0.007
1746.000 0.005
1747.000 0.007
1748.000 0.006
1749.000 0.007
1750.000 0.007
1751.000 0.009
1752.000 0.007
1753.000 0.007
1754.000 0.007
1755.000 0.005
1756.000 0.007
1757.000 0.006
1758.000 0.007
1759.000 0.006
1760.000 0.007
1761.000 0.008
1762.000 0.007
1763.000 0.007
1764.000 0.006
1765.000 0.005
1766.000 0.005
1767.000 0.008
1768.000 0.007
1769.000 0.005
1770.000 0.007
1771.000 0.007
1772.000 0.007
1773.000 0.006
1774.000 0.006
1775.000 0.008
1776.000 0.006
1777.000 0.007
1778.000 0.007
1779.000 0.006
1780.000 0.009
1781.000 0.006
1782.000 0.005
1783.000 0.006
1784.000 0.008
1785.000 0.006
1786.000 0.006
1787.000 0.007
1788.000 0.008
1789.000 0.005
1790.000 0.006
1791.000 0.008
1792.000 0.004
1793.000 0.007
1794.000 0.008
1795.000 0.006
1796.000 0.007
1797.000 0.006
1798.000 0.009
1799.000 0.008
1800.000 0.007
1801.000 0.008
1802.000 0.008
1803.000 0.006
1804.000 0.009
1805.000 0.006
1806.000 0.008
1807.000 0.006
1808.000 0.007
1809.000 0.005
1810.000 0.005
1811.000 0.006
1812.000 0.007
1813.000 0.005
1814.000 0.008
1815.000 0.006
1816.000 0.005
1817.000 0.005
1818.000 0.006
1819.000 0.008
1820.000 0.008
1821.000 0.008
1822.000 0.004
1823.000 0.008
1824.000 0.006
1825.000 0.006
1826.000 0.006
1827.000 0.007
1828.000 0.006
1829.000 0.006
1830.000 0.006
1831.000 0.007
1832.000 0.006
1833.000 0.007
1834.000 0.007
1835.000 0.006
1836.000 0.006
1837.000 0.006
1838.000 0.007
1839.000 0.008
1840.000 0.006
1841.000 0.007
1842.000 0.006
1843.000 0.008
1844.000 0.006
1845.000 0.006
1846.000 0.006
1847.000 0.005
1848.000 0.006
1849.000 0.008
1850.000 0.005
1851.000 0.005
1852.000 0.007
1853.000 0.008
1854.000 0.007
1855.000 0.008
1856.000 0.008
1857.000 0.005
1858.000 0.006
1859.000 0.005
1860.000 0.005
1861.000 0.007
1862.000 0.007
1863.000 0.006
1864.000 0.007
1865.000 0.008
1866.000 0.006
1867.000 0.005
1868.000 0.008
1869.000 0.007
1870.000 0.007
1871.000 0.007
1872.000 0.007
1873.000 0.008
1874.000 0.007
1875.000 0.006
1876.000 0.006
1877.000 0.007
1878.000 0.007
1879.000 0.004
1880.000 0.005
1881.000 0.007
1882.000 0.007
1883.000 0.005
1884.000 0.005
1885.000 0.006
1886.000 0.006
1887.000 0.006
1888.000 0.008
1889.000 0.008
1890.000 0.006
1891.000 0.006
1892.000 0.007
1893.000 0.007
1894.000 0.007
1895.000 0.006
1896.000 0.006
1897.000 0.006
1898.000 0.005
1899.000 0.006
1900.000 0.008
1901.000 0.007
1902.000 0.005
1903.000 0.006
1904.000 0.006
1905.000 0.007
1906.000 0.008
1907.000 0.005
1908.000 0.006
1909.000 0.005
1910.000 0.006
1911.000 0.007
1912.000 0.006
1913.000 0.005
1914.000 0.005
1915.000 0.006
1916.000 0.006
1917.000 0.006
1918.000 0.008
1919.000 0.006
1920.000 0.006
1921.000 0.007
1922.000 0.007
1923.000 0.007
1924.000 0.004
1925.000 0.005
1926.000 0.007
1927.000 0.006
1928.000 0.010
1929.000 0.007
1930.000 0.005
1931.000 0.006
1932.000 0.006
1933.000 0.009
1934.000 0.006
1935.000 0.006
1936.000 0.006
1937.000 0.006
1938.000 0.006
1939.000 0.007
1940.000 0.007
1941.000 0.005
1942.000 0.006
1943.000 0.005
1944.000 0.006
1945.000 0.006
1946.000 0.005
1947.000 0.006
1948.000 0.005
1949.000 0.005
1950.000 0.007
1951.000 0.006
1952.000 0.005
1953.000 0.007
1954.000 0.008
1955.000 0.007
1956.000 0.007
1957.000 0.007
1958.000 0.006
1959.000 0.006
1960.000 0.007
1961.000 0.004
1962.000 0.008
1963.000 0.007
1964.000 0.005
1965.000 0.006
1966.000 0.005
1967.000 0.005
1968.000 0.005
1969.000 0.005
1970.000 0.006
1971.000 0.005
1972.000 0.008
1973.000 0.006
1974.000 0.006
1975.000 0.006
1976.000 0.005
1977.000 0.005
1978.000 0.006
1979.000 0.007
1980.000 0.006
1981.000 0.007
1982.000 0.004
1983.000 0.005
1984.000 0.005
1985.000 0.003
1986.000 0.004
1987.000 0.005
1988.000 0.005
1989.000 0.005
1990.000 0.006
1991.000 0.005
1992.000 0.007
1993.000 0.005
1994.000 0.004
1995.000 0.006
1996.000 0.006
1997.000 0.005
1998.000 0.007
1999.000 0.008
2000.000 0.004
2001.000 0.006
2002.000 0.005
2003.000 0.005
2004.000 0.007
2005.000 0.007
2006.000 0.005
2007.000 0.006
2008.000 0.005
2009.000 0.004
2010.000 0.004
2011.000 0.005
2012.000 0.005
2013.000 0.007
2014.000 0.005
2015.000 0.005
2016.000 0.004
2017.000 0.006
2018.000 0.006
2019.000 0.006
2020.000 0.005
2021.000 0.007
2022.000 0.007
2023.000 0.006
2024.000 0.005
2025.000 0.006
2026.000 0.008
2027.000 0.006
2028.000 0.004
2029.000 0.006
2030.000 0.004
2031.000 0.005
2032.000 0.006
2033.000 0.004
2034.000 0.004
2035.000 0.006
2036.000 0.005
2037.000 0.006
2038.000 0.006
2039.000 0.006
2040.000 0.007
2041.000 0.004
2042.000 0.003
2043.000 0.004
2044.000 0.006
2045.000 0.005
2046.000 0.007
2047.000 0.005
2048.000 0.006
2049.000 0.007
2050.000 0.005
2051.000 0.005
2052.000 0.005
2053.000 0.005
2054.000 0.004
2055.000 0.006
2056.000 0.005
2057.000 0.004
2058.000 0.006
2059.000 0.004
2060.000 0.006
2061.000 0.006
2062.000 0.006
2063.000 0.004
2064.000 0.006
2065.000 0.006
2066.000 0.007
2067.000 0.005
2068.000 0.004
2069.000 0.006
2070.000 0.006
2071.000 0.006
2072.000 0.004
2073.000 0.005
2074.000 0.007
2075.000 0.005
2076.000 0.006
2077.000 0.005
2078.000 0.005
2079.000 0.007
2080.000 0.007
2081.000 0.006
2082.000 0.007
2083.000 0.004
2084.000 0.004
2085.000 0.005
2086.000 0.007
2087.000 0.006
2088.000 0.006
2089.000 0.005
2090.000 0.004
2091.000 0.006
2092.000 0.005
2093.000 0.006
2094.000 0.006
2095.000 0.005
2096.000 0.005
2097.000 0.006
2098.000 0.005
2099.000 0.005
2100.000 0.005
2101.000 0.006
2102.000 0.005
2103.000 0.006
2104.000 0.005
2105.000 0.004
2106.000 0.005
2107.000 0.006
2108.000 0.006
2109.000 0.004
2110.000 0.003
2111.000 0.006
2112.000 0.004
2113.000 0.005
2114.000 0.005
2115.000 0.006
2116.000 0.003
2117.000 0.005
2118.000 0.005
2119.000 0.005
2120.000 0.004
2121.000 0.005
2122.000 0.005
2123.000 0.005
2124.000 0.008
2125.000 0.006
2126.000 0.007
2127.000 0.003
2128.000 0.005
2129.000 0.005
2130.000 0.005
2131.000 0.005
2132.000 0.007
2133.000 0.006
2134.000 0.005
2135.000 0.004
2136.000 0.005
2137.000 0.005
2138.000 0.006
2139.000 0.006
2140.000 0.005
2141.000 0.005
2142.000 0.006
2143.000 0.005
2144.000 0.006
2145.000 0.005
2146.000 0.007
2147.000 0.007
2148.000 0.005
2149.000 0.005
2150.000 0.004
2151.000 0.005
2152.000 0.004
2153.000 0.005
2154.000 0.004
2155.000 0.006
2156.000 0.010
2157.000 0.005
2158.000 0.005
2159.000 0.006
2160.000 0.006
2161.000 0.006
2162.000 0.008
2163.000 0.005
2164.000 0.007
2165.000 0.005
2166.000 0.006
2167.000 0.005
2168.000 0.004
2169.000 0.005
2170.000 0.005
2171.000 0.005
2172.000 0.006
2173.000 0.006
2174.000 0.006
2175.000 0.006
2176.000 0.006
2177.000 0.004
2178.000 0.007
2179.000 0.006
2180.000 0.005
2181.000 0.005
2182.000 0.007
2183.000 0.006
2184.000 0.005
2185.000 0.007
2186.000 0.006
2187.000 0.006
2188.000 0.008
2189.000 0.005
2190.000 0.008
2191.000 0.007
2192.000 0.007
2193.000 0.007
2194.000 0.006
2195.000 0.008
2196.000 0.007
2197.000 0.007
2198.000 0.005
2199.000 0.006
2200.000 0.008
2201.000 0.005
2202.000 0.006
2203.000 0.007
2204.000 0.007
2205.000 0.006
2206.000 0.008
2207.000 0.009
2208.000 0.007
2209.000 0.007
2210.000 0.007
2211.000 0.007
2212.000 0.005
2213.000 0.007
2214.000 0.007
2215.000 0.008
2216.000 0.008
2217.000 0.008
2218.000 0.009
2219.000 0.007
2220.000 0.009
2221.000 0.010
2222.000 0.009
2223.000 0.006
2224.000 0.010
2225.000 0.010
2226.000 0.010
2227.000 0.011
2228.000 0.011
2229.000 0.008
2230.000 0.009
2231.000 0.008
2232.000 0.010
2233.000 0.012
2234.000 0.014
2235.000 0.012
2236.000 0.011
2237.000 0.012
2238.000 0.014
2239.000 0.013
2240.000 0.014
2241.000 0.014
2242.000 0.014
2243.000 0.014
2244.000 0.014
2245.000 0.016
2246.000 0.016
2247.000 0.017
2248.000 0.021
2249.000 0.017
2250.000 0.018
2251.000 0.020
2252.000 0.023
2253.000 0.038
2254.000 0.024
2255.000 0.023
2256.000 0.023
2257.000 0.029
2258.000 0.022
2259.000 0.027
2260.000 0.025
2261.000 0.027
2262.000 0.028
2263.000 0.031
2264.000 0.029
2265.000 0.034
2266.000 0.035
2267.000 0.036
2268.000 0.037
2269.000 0.042
2270.000 0.045
2271.000 0.046
2272.000 0.049
2273.000 0.057
2274.000 0.054
2275.000 0.062
2276.000 0.065
2277.000 0.068
2278.000 0.074
2279.000 0.081
2280.000 0.088
2281.000 0.091
2282.000 0.100
2283.000 0.108
2284.000 0.113
2285.000 0.120
2286.000 0.121
2287.000 0.118
2288.000 0.104
2289.000 0.096
2290.000 0.078
2291.000 0.077
2292.000 0.115
2293.000 0.143
2294.000 0.190
2295.000 0.211
2296.000 0.206
2297.000 0.188
2298.000 0.184
2299.000 0.174
2300.000 0.167
2301.000 0.166
2302.000 0.166
2303.000 0.156
2304.000 0.157
2305.000 0.154
2306.000 0.156
2307.000 0.159
2308.000 0.158
2309.000 0.163
2310.000 0.166
2311.000 0.168
2312.000 0.177
2313.000 0.184
2314.000 0.187
2315.000 0.195
2316.000 0.198
2317.000 0.205
2318.000 0.206
2319.000 0.204
2320.000 0.197
2321.000 0.190
2322.000 0.171
2323.000 0.164
2324.000 0.138
2325.000 0.120
2326.000 0.110
2327.000 0.094
2328.000 0.087
2329.000 0.074
2330.000 0.068
2331.000 0.063
2332.000 0.059
2333.000 0.053
2334.000 0.047
2335.000 0.043
2336.000 0.041
2337.000 0.039
2338.000 0.036
2339.000 0.033
2340.000 0.031
2341.000 0.029
2342.000 0.027
2343.000 0.026
2344.000 0.024
2345.000 0.022
2346.000 0.024
2347.000 0.020
2348.000 0.022
2349.000 0.019
2350.000 0.018
2351.000 0.016
2352.000 0.015
2353.000 0.015
2354.000 0.016
2355.000 0.014
2356.000 0.013
2357.000 0.015
2358.000 0.013
2359.000 0.011
2360.000 0.010
2361.000 0.013
2362.000 0.013
2363.000 0.012
2364.000 0.011
2365.000 0.010
2366.000 0.009
2367.000 0.007
2368.000 0.009
2369.000 0.009
2370.000 0.009
2371.000 0.009
2372.000 0.008
2373.000 0.009
2374.000 0.008
2375.000 0.007
2376.000 0.006
2377.000 0.007
2378.000 0.007
2379.000 0.009
2380.000 0.007
2381.000 0.007
2382.000 0.009
2383.000 0.007
2384.000 0.008
2385.000 0.005
2386.000 0.007
2387.000 0.006
2388.000 0.006
2389.000 0.007
2390.000 0.007
2391.000 0.006
2392.000 0.006
2393.000 0.006
2394.000 0.006
2395.000 0.006
2396.000 0.005
2397.000 0.008
2398.000 0.004
2399.000 0.006
2400.000 0.004
2401.000 0.007
2402.000 0.006
2403.000 0.006
2404.000 0.006
2405.000 0.006
2406.000 0.006
2407.000 0.004
2408.000 0.005
2409.000 0.004
2410.000 0.004
2411.000 0.004
2412.000 0.005
2413.000 0.005
2414.000 0.006
2415.000 0.006
2416.000 0.006
2417.000 0.005
2418.000 0.006
2419.000 0.004
2420.000 0.005
2421.000 0.006
2422.000 0.004
2423.000 0.006
2424.000 0.005
2425.000 0.004
2426.000 0.005
2427.000 0.006
2428.000 0.005
2429.000 0.004
2430.000 0.006
2431.000 0.004
2432.000 0.005
2433.000 0.003
2434.000 0.004
2435.000 0.006
2436.000 0.005
2437.000 0.006
2438.000 0.005
2439.000 0.009
2440.000 0.006
2441.000 0.007
2442.000 0.004
2443.000 0.005
2444.000 0.004
2445.000 0.004
2446.000 0.004
2447.000 0.006
2448.000 0.006
2449.000 0.005
2450.000 0.006
2451.000 0.006
2452.000 0.007
2453.000 0.004
2454.000 0.005
2455.000 0.005
2456.000 0.006
2457.000 0.006
2458.000 0.004
2459.000 0.006
2460.000 0.004
2461.000 0.006
2462.000 0.005
2463.000 0.006
2464.000 0.004
2465.000 0.005
2466.000 0.005
2467.000 0.006
2468.000 0.006
2469.000 0.005
2470.000 0.006
2471.000 0.005
2472.000 0.004
2473.000 0.006
2474.000 0.006
2475.000 0.005
2476.000 0.007
2477.000 0.007
2478.000 0.005
2479.000 0.005
2480.000 0.005
2481.000 0.004
2482.000 0.006
2483.000 0.005
2484.000 0.005
2485.000 0.004
2486.000 0.005
2487.000 0.005
2488.000 0.006
2489.000 0.005
2490.000 0.004
2491.000 0.004
2492.000 0.006
2493.000 0.004
2494.000 0.006
2495.000 0.005
2496.000 0.005
2497.000 0.004
2498.000 0.006
2499.000 0.006
2500.000 0.005
2501.000 0.007
2502.000 0.005
2503.000 0.005
2504.000 0.004
2505.000 0.007
2506.000 0.005
2507.000 0.005
2508.000 0.005
2509.000 0.004
2510.000 0.007
2511.000 0.007
2512.000 0.005
2513.000 0.005
2514.000 0.005
2515.000 0.005
2516.000 0.008
2517.000 0.006
2518.000 0.005
2519.000 0.004
2520.000 0.005
2521.000 0.005
2522.000 0.005
2523.000 0.004
2524.000 0.005
2525.000 0.006
2526.000 0.006
2527.000 0.005
2528.000 0.006
2529.000 0.005
2530.000 0.004
2531.000 0.006
2532.000 0.007
2533.000 0.005
2534.000 0.004
2535.000 0.004
2536.000 0.005
2537.000 0.007
2538.000 0.004
2539.000 0.006
2540.000 0.003
2541.000 0.006
2542.000 0.005
2543.000 0.007
2544.000 0.006
2545.000 0.006
2546.000 0.004
2547.000 0.005
2548.000 0.007
2549.000 0.005
2550.000 0.005
2551.000 0.006
2552.000 0.005
2553.000 0.006
2554.000 0.006
2555.000 0.006
2556.000 0.005
2557.000 0.005
2558.000 0.005
2559.000 0.005
2560.000 0.004
2561.000 0.006
2562.000 0.005
2563.000 0.007
2564.000 0.005
2565.000 0.007
2566.000 0.004
2567.000 0.006
2568.000 0.006
2569.000 0.005
2570.000 0.005
2571.000 0.005
2572.000 0.006
2573.000 0.005
2574.000 0.006
2575.000 0.006
2576.000 0.004
2577.000 0.005
2578.000 0.005
2579.000 0.005
2580.000 0.005
2581.000 0.007
2582.000 0.006
2583.000 0.006
2584.000 0.004
2585.000 0.006
2586.000 0.005
2587.000 0.005
2588.000 0.006
2589.000 0.006
2590.000 0.005
2591.000 0.006
2592.000 0.005
2593.000 0.005
2594.000 0.006
2595.000 0.005
2596.000 0.005
2597.000 0.006
2598.000 0.006
2599.000 0.004
2600.000 0.008
2601.000 0.007
2602.000 0.005
2603.000 0.007
2604.000 0.004
2605.000 0.005
2606.000 0.004
2607.000 0.005
2608.000 0.005
2609.000 0.006
2610.000 0.005
2611.000 0.008
2612.000 0.004
2613.000 0.008
2614.000 0.005
2615.000 0.006
2616.000 0.005
2617.000 0.005
2618.000 0.005
2619.000 0.008
2620.000 0.007
2621.000 0.006
2622.000 0.006
2623.000 0.006
2624.000 0.007
2625.000 0.005
2626.000 0.005
2627.000 0.004
2628.000 0.005
2629.000 0.003
2630.000 0.005
2631.000 0.005
2632.000 0.005
2633.000 0.006
2634.000 0.005
2635.000 0.006
2636.000 0.005
2637.000 0.005
2638.000 0.005
2639.000 0.004
2640.000 0.007
2641.000 0.005
2642.000 0.006
2643.000 0.005
2644.000 0.005
2645.000 0.004
2646.000 0.007
2647.000 0.007
2648.000 0.005
2649.000 0.004
2650.000 0.006
2651.000 0.005
2652.000 0.006
2653.000 0.006
2654.000 0.006
2655.000 0.007
2656.000 0.006
2657.000 0.005
2658.000 0.005
2659.000 0.006
2660.000 0.004
2661.000 0.007
2662.000 0.005
2663.000 0.005
2664.000 0.004
2665.000 0.005
2666.000 0.005
2667.000 0.005
2668.000 0.005
2669.000 0.005
2670.000 0.006
2671.000 0.004
2672.000 0.005
2673.000 0.007
2674.000 0.008
2675.000 0.005
2676.000 0.006
2677.000 0.005
2678.000 0.006
2679.000 0.006
2680.000 0.007
2681.000 0.006
2682.000 0.007
2683.000 0.006
2684.000 0.007
2685.000 0.005
2686.000 0.006
2687.000 0.008
2688.000 0.005
2689.000 0.005
2690.000 0.005
2691.000 0.004
2692.000 0.007
2693.000 0.008
2694.000 0.005
2695.000 0.006
2696.000 0.005
2697.000 0.007
2698.000 0.006
2699.000 0.007
2700.000 0.005
2701.000 0.005
2702.000 0.005
2703.000 0.006
2704.000 0.006
2705.000 0.004
2706.000 0.006
2707.000 0.005
2708.000 0.005
2709.000 0.004
2710.000 0.007
2711.000 0.005
2712.000 0.004
2713.000 0.004
2714.000 0.005
2715.000 0.003
2716.000 0.004
2717.000 0.005
2718.000 0.004
2719.000 0.006
2720.000 0.006
2721.000 0.006
2722.000 0.004
2723.000 0.007
2724.000 0.006
2725.000 0.006
2726.000 0.005
2727.000 0.005
2728.000 0.007
2729.000 0.006
2730.000 0.006
2731.000 0.004
2732.000 0.006
2733.000 0.005
2734.000 0.005
2735.000 0.005
2736.000 0.007
2737.000 0.006
2738.000 0.005
2739.000 0.006
2740.000 0.004
2741.000 0.006
2742.000 0.005
2743.000 0.006
2744.000 0.004
2745.000 0.004
2746.000 0.006
2747.000 0.005
2748.000 0.005
2749.000 0.006
2750.000 0.005
2751.000 0.004
2752.000 0.004
2753.000 0.006
2754.000 0.005
2755.000 0.005
2756.000 0.007
2757.000 0.008
2758.000 0.004
2759.000 0.004
2760.000 0.005
2761.000 0.004
2762.000 0.007
2763.000 0.006
2764.000 0.007
2765.000 0.005
2766.000 0.005
2767.000 0.007
2768.000 0.006
2769.000 0.005
2770.000 0.004
2771.000 0.005
2772.000 0.006
2773.000 0.004
2774.000 0.005
2775.000 0.006
2776.000 0.006
2777.000 0.004
2778.000 0.005
2779.000 0.005
2780.000 0.006
2781.000 0.005
2782.000 0.005
2783.000 0.004
2784.000 0.005
2785.000 0.006
2786.000 0.005
2787.000 0.005
2788.000 0.005
2789.000 0.006
2790.000 0.003
2791.000 0.005
2792.000 0.005
2793.000 0.004
2794.000 0.005
2795.000 0.005
2796.000 0.005
2797.000 0.004
2798.000 0.004
2799.000 0.004
2800.000 0.006
2801.000 0.004
2802.000 0.006
2803.000 0.005
2804.000 0.007
2805.000 0.005
2806.000 0.004
2807.000 0.005
2808.000 0.007
2809.000 0.004
2810.000 0.004
2811.000 0.005
2812.000 0.007
2813.000 0.006
2814.000 0.006
2815.000 0.006
2816.000 0.006
2817.000 0.004
2818.000 0.004
2819.000 0.005
2820.000 0.005
2821.000 0.006
2822.000 0.006
2823.000 0.004
2824.000 0.005
2825.000 0.006
2826.000 0.005
2827.000 0.005
2828.000 0.006
2829.000 0.004
2830.000 0.003
2831.000 0.004
2832.000 0.005
2833.000 0.006
2834.000 0.006
2835.000 0.007
2836.000 0.005
2837.000 0.005
2838.000 0.004
2839.000 0.006
2840.000 0.004
2841.000 0.005
2842.000 0.003
2843.000 0.007
2844.000 0.005
2845.000 0.005
2846.000 0.007
2847.000 0.006
2848.000 0.005
2849.000 0.006
2850.000 0.005
2851.000 0.006
2852.000 0.007
2853.000 0.006
2854.000 0.005
2855.000 0.005
2856.000 0.006
2857.000 0.008
2858.000 0.007
2859.000 0.006
2860.000 0.005
2861.000 0.005
2862.000 0.004
2863.000 0.006
2864.000 0.006
2865.000 0.008
2866.000 0.006
2867.000 0.006
2868.000 0.006
2869.000 0.005
2870.000 0.008
2871.000 0.005
2872.000 0.006
2873.000 0.008
2874.000 0.005
2875.000 0.007
2876.000 0.006
2877.000 0.006
2878.000 0.005
2879.000 0.004
2880.000 0.005
2881.000 0.007
2882.000 0.006
2883.000 0.005
2884.000 0.007
2885.000 0.004
2886.000 0.007
2887.000 0.006
2888.000 0.006
2889.000 0.006
2890.000 0.004
2891.000 0.008
2892.000 0.005
2893.000 0.006
2894.000 0.006
2895.000 0.006
2896.000 0.008
2897.000 0.006
2898.000 0.006
2899.000 0.007
2900.000 0.005
2901.000 0.006
2902.000 0.005
2903.000 0.006
2904.000 0.006
2905.000 0.007
2906.000 0.007
2907.000 0.006
2908.000 0.006
2909.000 0.004
2910.000 0.004
2911.000 0.007
2912.000 0.004
2913.000 0.008
2914.000 0.005
2915.000 0.005
2916.000 0.006
2917.000 0.006
2918.000 0.005
2919.000 0.004
2920.000 0.006
2921.000 0.006
2922.000 0.006
2923.000 0.005
2924.000 0.005
2925.000 0.007
2926.000 0.005
2927.000 0.005
2928.000 0.005
2929.000 0.008
2930.000 0.005
2931.000 0.005
2932.000 0.007
2933.000 0.008
2934.000 0.006
2935.000 0.005
2936.000 0.004
2937.000 0.007
2938.000 0.004
2939.000 0.006
2940.000 0.005
2941.000 0.007
2942.000 0.007
2943.000 0.006
2944.000 0.005
2945.000 0.007
2946.000 0.006
2947.000 0.006
2948.000 0.006
2949.000 0.005
2950.000 0.004
2951.000 0.005
2952.000 0.004
2953.000 0.007
2954.000 0.005
2955.000 0.006
2956.000 0.007
2957.000 0.007
2958.000 0.006
2959.000 0.007
2960.000 0.008
2961.000 0.007
2962.000 0.005
2963.000 0.004
2964.000 0.006
2965.000 0.005
2966.000 0.006
2967.000 0.005
2968.000 0.007
2969.000 0.006
2970.000 0.005
2971.000 0.007
2972.000 0.006
2973.000 0.007
2974.000 0.004
2975.000 0.006
2976.000 0.006
2977.000 0.005
2978.000 0.006
2979.000 0.005
2980.000 0.004
2981.000 0.004
2982.000 0.006
2983.000 0.006
2984.000 0.005
2985.000 0.007
2986.000 0.005
2987.000 0.006
2988.000 0.007
2989.000 0.005
2990.000 0.006
2991.000 0.005
2992.000 0.005
2993.000 0.005
2994.000 0.008
2995.000 0.004
2996.000 0.006
2997.000 0.007
2998.000 0.007
2999.000 0.005
3000.000 0.006
3001.000 0.007
3002.000 0.006
3003.000 0.008
3004.000 0.007
3005.000 0.007
3006.000 0.003
3007.000 0.004
3008.000 0.007
3009.000 0.004
3010.000 0.008
3011.000 0.005
3012.000 0.004
3013.000 0.007
3014.000 0.006
3015.000 0.006
3016.000 0.006
3017.000 0.006
3018.000 0.007
3019.000 0.005
3020.000 0.004
3021.000 0.005
3022.000 0.007
3023.000 0.007
3024.000 0.005
3025.000 0.007
3026.000 0.006
3027.000 0.006
3028.000 0.005
3029.000 0.006
3030.000 0.009
3031.000 0.007
3032.000 0.008
3033.000 0.006
3034.000 0.007
3035.000 0.005
3036.000 0.006
3037.000 0.007
3038.000 0.005
3039.000 0.007
3040.000 0.006
3041.000 0.006
3042.000 0.006
3043.000 0.006
3044.000 0.006
3045.000 0.004
3046.000 0.004
3047.000 0.006
3048.000 0.006
3049.000 0.006
3050.000 0.006
3051.000 0.004
3052.000 0.005
3053.000 0.007
3054.000 0.006
3055.000 0.005
3056.000 0.004
3057.000 0.006
3058.000 0.006
3059.000 0.007
3060.000 0.005
3061.000 0.006
3062.000 0.007
3063.000 0.005
3064.000 0.007
3065.000 0.005
3066.000 0.008
3067.000 0.007
3068.000 0.006
3069.000 0.005
3070.000 0.005
3071.000 0.007
3072.000 0.007
3073.000 0.007
3074.000 0.006
3075.000 0.006
3076.000 0.006
3077.000 0.006
3078.000 0.005
3079.000 0.006
3080.000 0.007
3081.000 0.005
3082.000 0.005
3083.000 0.007
3084.000 0.005
3085.000 0.006
3086.000 0.004
3087.000 0.008
3088.000 0.006
3089.000 0.006
3090.000 0.006
3091.000 0.007
3092.000 0.006
3093.000 0.005
3094.000 0.005
3095.000 0.004
3096.000 0.005
3097.000 0.005
3098.000 0.005
3099.000 0.006
3100.000 0.007
3101.000 0.005
3102.000 0.008
3103.000 0.007
3104.000 0.005
3105.000 0.007
3106.000 0.006
3107.000 0.004
3108.000 0.006
3109.000 0.006
3110.000 0.008
3111.000 0.005
3112.000 0.005
3113.000 0.004
3114.000 0.005
3115.000 0.009
3116.000 0.006
3117.000 0.005
3118.000 0.007
3119.000 0.004
3120.000 0.006
3121.000 0.006
3122.000 0.005
3123.000 0.006
3124.000 0.006
3125.000 0.007
3126.000 0.006
3127.000 0.006
3128.000 0.005
3129.000 0.005
3130.000 0.005
3131.000 0.006
3132.000 0.005
3133.000 0.006
3134.000 0.006
3135.000 0.006
3136.000 0.005
3137.000 0.005
3138.000 0.006
3139.000 0.006
3140.000 0.004
3141.000 0.006
3142.000 0.006
3143.000 0.006
3144.000 0.005
3145.000 0.006
3146.000 0.006
3147.000 0.005
3148.000 0.006
3149.000 0.005
3150.000 0.005
3151.000 0.005
3152.000 0.006
3153.000 0.006
3154.000 0.005
3155.000 0.004
3156.000 0.006
3157.000 0.004
3158.000 0.005
3159.000 0.006
3160.000 0.006
3161.000 0.007
3162.000 0.004
3163.000 0.006
3164.000 0.006
3165.000 0.005
3166.000 0.006
3167.000 0.004
3168.000 0.004
3169.000 0.006
3170.000 0.004
3171.000 0.004
3172.000 0.004
3173.000 0.004
3174.000 0.005
3175.000 0.006
3176.000 0.005
3177.000 0.004
3178.000 0.004
3179.000 0.006
3180.000 0.005
3181.000 0.005
3182.000 0.005
3183.000 0.006
3184.000 0.005
3185.000 0.006
3186.000 0.004
3187.000 0.005
3188.000 0.005
3189.000 0.005
3190.000 0.006
3191.000 0.006
3192.000 0.005
3193.000 0.004
3194.000 0.005
3195.000 0.006
3196.000 0.005
3197.000 0.006
3198.000 0.005
3199.000 0.004
3200.000 0.004
3201.000 0.004
3202.000 0.005
3203.000 0.004
3204.000 0.009
3205.000 0.006
3206.000 0.006
3207.000 0.005
3208.000 0.005
3209.000 0.005
3210.000 0.005
3211.000 0.006
3212.000 0.006
3213.000 0.004
3214.000 0.005
3215.000 0.004
3216.000 0.005
3217.000 0.004
3218.000 0.005
3219.000 0.007
3220.000 0.006
3221.000 0.005
3222.000 0.007
3223.000 0.005
3224.000 0.005
3225.000 0.003
3226.000 0.004
3227.000 0.006
3228.000 0.006
3229.000 0.005
3230.000 0.004
3231.000 0.005
3232.000 0.004
3233.000 0.005
3234.000 0.005
3235.000 0.004
3236.000 0.005
3237.000 0.003
3238.000 0.005
3239.000 0.005
3240.000 0.005
3241.000 0.006
3242.000 0.007
3243.000 0.005
3244.000 0.005
3245.000 0.005
3246.000 0.005
3247.000 0.005
3248.000 0.007
3249.000 0.006
3250.000 0.005
3251.000 0.006
3252.000 0.005
3253.000 0.004
