1.000 0.062
2.000 0.035
3.000 0.036
4.000 0.028
5.000 0.028
6.000 0.046
7.000 0.043
8.000 0.032
9.000 0.020
10.000 0.030
11.000 0.023
12.000 0.043
13.000 0.029
14.000 0.055
15.000 0.033
16.000 0.019
17.000 0.047
18.000 0.025
19.000 0.024
20.000 0.052
21.000 0.032
22.000 0.030
23.000 0.050
24.000 0.058
25.000 0.052
26.000 0.026
27.000 0.014
28.000 0.039
29.000 0.039
30.000 0.019
31.000 0.016
32.000 0.031
33.000 0.039
34.000 0.045
35.000 0.053
36.000 0.023
37.000 0.045
38.000 0.029
39.000 0.052
40.000 0.039
41.000 0.068
42.000 0.052
43.000 0.047
44.000 0.020
45.000 0.041
46.000 0.034
47.000 0.033
48.000 0.051
49.000 0.038
50.000 0.021
51.000 0.069
52.000 0.026
53.000 0.035
54.000 0.034
55.000 0.018
56.000 0.023
57.000 0.040
58.000 0.057
59.000 0.029
60.000 0.030
61.000 0.041
62.000 0.024
63.000 0.046
64.000 0.027
65.000 0.043
66.000 0.027
67.000 0.040
68.000 0.048
69.000 0.037
70.000 0.028
71.000 0.042
72.000 0.036
73.000 0.046
74.000 0.032
75.000 0.036
76.000 0.038
77.000 0.043
78.000 0.044
79.000 0.054
80.000 0.035
81.000 0.021
82.000 0.035
83.000 0.036
84.000 0.051
85.000 0.019
86.000 0.039
87.000 0.036
88.000 0.040
89.000 0.063
90.000 0.064
91.000 0.074
92.000 0.059
93.000 0.048
94.000 0.025
95.000 0.032
96.000 0.022
97.000 0.037
98.000 0.048
99.000 0.028
100.000 0.050
101.000 0.053
102.000 0.026
103.000 0.045
104.000 0.023
105.000 0.053
106.000 0.068
107.000 0.040
108.000 0.034
109.000 0.043
110.000 0.035
111.000 0.034
112.000 0.046
113.000 0.039
114.000 0.055
115.000 0.052
116.000 0.051
117.000 0.021
118.000 0.040
119.000 0.029
120.000 0.053
121.000 0.049
122.000 0.036
123.000 0.046
124.000 0.033
125.000 0.047
126.000 0.037
127.000 0.046
128.000 0.055
129.000 0.047
130.000 0.046
131.000 0.045
132.000 0.038
133.000 0.050
134.000 0.035
135.000 0.038
136.000 0.030
137.000 0.048
138.000 0.036
139.000 0.039
140.000 0.024
141.000 0.033
142.000 0.032
143.000 0.041
144.000 0.042
145.000 0.033
146.000 0.043
147.000 0.040
148.000 0.033
149.000 0.054
150.000 0.055
151.000 0.031
152.000 0.033
153.000 0.028
154.000 0.044
155.000 0.046
156.000 0.025
157.000 0.030
158.000 0.046
159.000 0.033
160.000 0.038
161.000 0.039
162.000 0.050
163.000 0.035
164.000 0.078
165.000 0.029
166.000 0.055
167.000 0.036
168.000 0.038
169.000 0.059
170.000 0.029
171.000 0.027
172.000 0.039
173.000 0.033
174.000 0.041
175.000 0.061
176.000 0.040
177.000 0.055
178.000 0.040
179.000 0.045
180.000 0.046
181.000 0.022
182.000 0.041
183.000 0.038
184.000 0.032
185.000 0.037
186.000 0.053
187.000 0.051
188.000 0.048
189.000 0.053
190.000 0.046
191.000 0.048
192.000 0.033
193.000 0.044
194.000 0.028
195.000 0.032
196.000 0.029
197.000 0.039
198.000 0.022
199.000 0.032
200.000 0.037
201.000 0.034
202.000 0.040
203.000 0.037
204.000 0.042
205.000 0.033
206.000 0.034
207.000 0.051
208.000 0.047
209.000 0.056
210.000 0.050
211.000 0.045
212.000 0.034
213.000 0.027
214.000 0.026
215.000 0.042
216.000 0.034
217.000 0.032
218.000 0.030
219.000 0.037
220.000 0.039
221.000 0.034
222.000 0.038
223.000 0.037
224.000 0.046
225.000 0.040
226.000 0.043
227.000 0.041
228.000 0.032
229.000 0.046
230.000 0.041
231.000 0.033
232.000 0.032
233.000 0.032
234.000 0.045
235.000 0.034
236.000 0.048
237.000 0.048
238.000 0.035
239.000 0.044
240.000 0.043
241.000 0.037
242.000 0.036
243.000 0.048
244.000 0.038
245.000 0.047
246.000 0.038
247.000 0.040
248.000 0.047
249.000 0.042
250.000 0.042
251.000 0.047
252.000 0.042
253.000 0.058
254.000 0.048
255.000 0.046
256.000 0.050
257.000 0.043
258.000 0.058
259.000 0.048
260.000 0.058
261.000 0.066
262.000 0.060
263.000 0.050
264.000 0.061
265.000 0.069
266.000 0.066
267.000 0.072
268.000 0.075
269.000 0.082
270.000 0.072
271.000 0.076
272.000 0.089
273.000 0.079
274.000 0.082
275.000 0.088
276.000 0.087
277.000 0.091
278.000 0.098
279.000 0.096
280.000 0.100
281.000 0.110
282.000 0.117
283.000 0.116
284.000 0.127
285.000 0.143
286.000 0.151
287.000 0.163
288.000 0.170
289.000 0.187
290.000 0.197
291.000 0.222
292.000 0.243
293.000 0.253
294.000 0.270
295.000 0.302
296.000 0.326
297.000 0.337
298.000 0.335
299.000 0.341
300.000 0.332
301.000 0.315
302.000 0.290
303.000 0.267
304.000 0.244
305.000 0.227
306.000 0.217
307.000 0.187
308.000 0.167
309.000 0.168
310.000 0.162
311.000 0.153
312.000 0.144
313.000 0.128
314.000 0.134
315.000 0.123
316.000 0.124
317.000 0.118
318.000 0.102
319.000 0.116
320.000 0.101
321.000 0.112
322.000 0.098
323.000 0.088
324.000 0.089
325.000 0.088
326.000 0.090
327.000 0.085
328.000 0.081
329.000 0.084
330.000 0.076
331.000 0.084
332.000 0.075
333.000 0.080
334.000 0.074
335.000 0.073
336.000 0.066
337.000 0.067
338.000 0.078
339.000 0.063
340.000 0.075
341.000 0.072
342.000 0.060
343.000 0.066
344.000 0.065
345.000 0.058
346.000 0.066
347.000 0.065
348.000 0.058
349.000 0.058
350.000 0.059
351.000 0.053
352.000 0.056
353.000 0.057
354.000 0.056
355.000 0.057
356.000 0.058
357.000 0.060
358.000 0.056
359.000 0.058
360.000 0.055
361.000 0.057
362.000 0.052
363.000 0.058
364.000 0.051
365.000 0.053
366.000 0.057
367.000 0.058
368.000 0.056
369.000 0.056
370.000 0.050
371.000 0.051
372.000 0.049
373.000 0.057
374.000 0.048
375.000 0.050
376.000 0.056
377.000 0.053
378.000 0.059
379.000 0.057
380.000 0.051
381.000 0.049
382.000 0.053
383.000 0.052
384.000 0.051
385.000 0.048
386.000 0.051
387.000 0.054
388.000 0.053
389.000 0.045
390.000 0.050
391.000 0.052
392.000 0.050
393.000 0.054
394.000 0.049
395.000 0.050
396.000 0.050
397.000 0.042
398.000 0.049
399.000 0.052
400.000 0.048
401.000 0.048
402.000 0.052
403.000 0.044
404.000 0.044
405.000 0.043
406.000 0.048
407.000 0.048
408.000 0.051
409.000 0.047
410.000 0.042
411.000 0.045
412.000 0.042
413.000 0.047
414.000 0.044
415.000 0.045
416.000 0.041
417.000 0.042
418.000 0.042
419.000 0.036
420.000 0.042
421.000 0.036
422.000 0.038
423.000 0.051
424.000 0.037
425.000 0.039
426.000 0.037
427.000 0.036
428.000 0.036
429.000 0.029
430.000 0.035
431.000 0.038
432.000 0.032
433.000 0.033
434.000 0.037
435.000 0.032
436.000 0.029
437.000 0.038
438.000 0.030
439.000 0.034
440.000 0.031
441.000 0.033
442.000 0.030
443.000 0.025
444.000 0.031
445.000 0.027
446.000 0.034
447.000 0.025
448.000 0.024
449.000 0.030
450.000 0.021
451.000 0.027
452.000 0.025
453.000 0.027
454.000 0.025
455.000 0.023
456.000 0.025
457.000 0.018
458.000 0.020
459.000 0.019
460.000 0.017
461.000 0.026
462.000 0.020
463.000 0.021
464.000 0.023
465.000 0.017
466.000 0.016
467.000 0.020
468.000 0.020
469.000 0.016
470.000 0.018
471.000 0.020
472.000 0.020
473.000 0.013
474.000 0.023
475.000 0.016
476.000 0.017
477.000 0.020
478.000 0.015
479.000 0.020
480.000 0.020
481.000 0.020
482.000 0.017
483.000 0.015
484.000 0.020
485.000 0.020
486.000 0.020
487.000 0.014
488.000 0.014
489.000 0.012
490.000 0.018
491.000 0.010
492.000 0.015
493.000 0.018
494.000 0.017
495.000 0.016
496.000 0.019
497.000 0.015
498.000 0.013
499.000 0.013
500.000 0.012
501.000 0.015
502.000 0.018
503.000 0.018
504.000 0.012
505.000 0.017
506.000 0.016
507.000 0.013
508.000 0.014
509.000 0.017
510.000 0.012
511.000 0.013
512.000 0.012
513.000 0.014
514.000 0.018
515.000 0.016
516.000 0.014
517.000 0.011
518.000 0.015
519.000 0.014
520.000 0.010
521.000 0.011
522.000 0.019
523.000 0.014
524.000 0.011
525.000 0.013
526.000 0.010
527.000 0.015
528.000 0.014
529.000 0.016
530.000 0.012
531.000 0.020
532.000 0.013
533.000 0.014
534.000 0.009
535.000 0.009
536.000 0.021
537.000 0.017
538.000 0.020
539.000 0.011
540.000 0.014
541.000 0.013
542.000 0.009
543.000 0.012
544.000 0.015
545.000 0.012
546.000 0.008
547.000 0.010
548.000 0.012
549.000 0.014
550.000 0.010
551.000 0.017
552.000 0.017
553.000 0.013
554.000 0.012
555.000 0.012
556.000 0.009
557.000 0.016
558.000 0.010
559.000 0.011
560.000 0.010
561.000 0.014
562.000 0.011
563.000 0.014
564.000 0.012
565.000 0.012
566.000 0.016
567.000 0.013
568.000 0.016
569.000 0.014
570.000 0.013
571.000 0.013
572.000 0.012
573.000 0.013
574.000 0.016
575.000 0.010
576.000 0.014
577.000 0.014
578.000 0.013
579.000 0.010
580.000 0.009
581.000 0.014
582.000 0.019
583.000 0.015
584.000 0.013
585.000 0.017
586.000 0.015
587.000 0.011
588.000 0.016
589.000 0.016
590.000 0.012
591.000 0.012
592.000 0.010
593.000 0.016
594.000 0.014
595.000 0.009
596.000 0.009
597.000 0.012
598.000 0.011
599.000 0.011
600.000 0.014
601.000 0.012
602.000 0.009
603.000 0.012
604.000 0.014
605.000 0.015
606.000 0.015
607.000 0.011
608.000 0.014
609.000 0.013
610.000 0.011
611.000 0.009
612.000 0.009
613.000 0.010
614.000 0.017
615.000 0.014
616.000 0.009
617.000 0.009
618.000 0.015
619.000 0.014
620.000 0.013
621.000 0.013
622.000 0.011
623.000 0.010
624.000 0.011
625.000 0.012
626.000 0.008
627.000 0.011
628.000 0.014
629.000 0.011
630.000 0.015
631.000 0.012
632.000 0.013
633.000 0.012
634.000 0.012
635.000 0.014
636.000 0.010
637.000 0.011
638.000 0.010
639.000 0.012
640.000 0.011
641.000 0.009
642.000 0.012
643.000 0.010
644.000 0.011
645.000 0.019
646.000 0.009
647.000 0.012
648.000 0.011
649.000 0.007
650.000 0.013
651.000 0.016
652.000 0.009
653.000 0.012
654.000 0.010
655.000 0.014
656.000 0.010
657.000 0.008
658.000 0.016
659.000 0.011
660.000 0.009
661.000 0.012
662.000 0.012
663.000 0.016
664.000 0.010
665.000 0.011
666.000 0.012
667.000 0.009
668.000 0.009
669.000 0.008
670.000 0.009
671.000 0.013
672.000 0.015
673.000 0.015
674.000 0.011
675.000 0.011
676.000 0.013
677.000 0.009
678.000 0.007
679.000 0.011
680.000 0.014
681.000 0.013
682.000 0.008
683.000 0.011
684.000 0.013
685.000 0.012
686.000 0.012
687.000 0.012
688.000 0.013
689.000 0.009
690.000 0.014
691.000 0.013
692.000 0.012
693.000 0.013
694.000 0.010
695.000 0.012
696.000 0.016
697.000 0.009
698.000 0.008
699.000 0.012
700.000 0.012
701.000 0.013
702.000 0.013
703.000 0.012
704.000 0.014
705.000 0.008
706.000 0.014
707.000 0.012
708.000 0.014
709.000 0.019
710.000 0.014
711.000 0.011
712.000 0.012
713.000 0.012
714.000 0.011
715.000 0.013
716.000 0.010
717.000 0.011
718.000 0.009
719.000 0.015
720.000 0.015
721.000 0.008
722.000 0.013
723.000 0.011
724.000 0.009
725.000 0.010
726.000 0.013
727.000 0.010
728.000 0.009
729.000 0.010
730.000 0.011
731.000 0.013
732.000 0.013
733.000 0.015
734.000 0.011
735.000 0.015
736.000 0.008
737.000 0.010
738.000 0.011
739.000 0.010
740.000 0.011
741.000 0.012
742.000 0.011
743.000 0.008
744.000 0.009
745.000 0.010
746.000 0.012
747.000 0.009
748.000 0.010
749.000 0.011
750.000 0.010
751.000 0.008
752.000 0.009
753.000 0.009
754.000 0.009
755.000 0.010
756.000 0.011
757.000 0.010
758.000 0.010
759.000 0.011
760.000 0.008
761.000 0.012
762.000 0.010
763.000 0.010
764.000 0.010
765.000 0.007
766.000 0.010
767.000 0.011
768.000 0.010
769.000 0.013
770.000 0.012
771.000 0.011
772.000 0.010
773.000 0.009
774.000 0.013
775.000 0.012
776.000 0.007
777.000 0.012
778.000 0.012
779.000 0.008
780.000 0.009
781.000 0.009
782.000 0.008
783.000 0.008
784.000 0.009
785.000 0.010
786.000 0.010
787.000 0.013
788.000 0.009
789.000 0.009
790.000 0.011
791.000 0.009
792.000 0.010
793.000 0.011
794.000 0.010
795.000 0.009
796.000 0.011
797.000 0.012
798.000 0.013
799.000 0.014
800.000 0.011
801.000 0.008
802.000 0.009
803.000 0.011
804.000 0.011
805.000 0.010
806.000 0.010
807.000 0.015
808.000 0.012
809.000 0.014
810.000 0.013
811.000 0.013
812.000 0.012
813.000 0.009
814.000 0.011
815.000 0.013
816.000 0.012
817.000 0.011
818.000 0.009
819.000 0.011
820.000 0.010
821.000 0.014
822.000 0.013
823.000 0.010
824.000 0.011
825.000 0.011
826.000 0.015
827.000 0.010
828.000 0.013
829.000 0.013
830.000 0.012
831.000 0.008
832.000 0.012
833.000 0.008
834.000 0.008
835.000 0.012
836.000 0.009
837.000 0.012
838.000 0.009
839.000 0.012
840.000 0.012
841.000 0.009
842.000 0.007
843.000 0.010
844.000 0.010
845.000 0.013
846.000 0.007
847.000 0.012
848.000 0.006
849.000 0.017
850.000 0.010
851.000 0.013
852.000 0.010
853.000 0.011
854.000 0.012
855.000 0.011
856.000 0.010
857.000 0.007
858.000 0.008
859.000 0.012
860.000 0.007
861.000 0.011
862.000 0.012
863.000 0.010
864.000 0.014
865.000 0.010
866.000 0.010
867.000 0.010
868.000 0.008
869.000 0.010
870.000 0.010
871.000 0.010
872.000 0.010
873.000 0.010
874.000 0.008
875.000 0.009
876.000 0.011
877.000 0.012
878.000 0.011
879.000 0.012
880.000 0.012
881.000 0.009
882.000 0.009
883.000 0.011
884.000 0.010
885.000 0.009
886.000 0.007
887.000 0.010
888.000 0.011
889.000 0.010
890.000 0.011
891.000 0.008
892.000 0.010
893.000 0.009
894.000 0.008
895.000 0.010
896.000 0.010
897.000 0.008
898.000 0.010
899.000 0.012
900.000 0.008
901.000 0.012
902.000 0.010
903.000 0.009
904.000 0.008
905.000 0.008
906.000 0.009
907.000 0.010
908.000 0.012
909.000 0.008
910.000 0.011
911.000 0.011
912.000 0.015
913.000 0.011
914.000 0.012
915.000 0.008
916.000 0.013
917.000 0.011
918.000 0.007
919.000 0.008
920.000 0.011
921.000 0.012
922.000 0.007
923.000 0.007
924.000 0.012
925.000 0.011
926.000 0.005
927.000 0.013
928.000 0.009
929.000 0.009
930.000 0.008
931.000 0.009
932.000 0.014
933.000 0.008
934.000 0.008
935.000 0.009
936.000 0.008
937.000 0.009
938.000 0.008
939.000 0.009
940.000 0.009
941.000 0.012
942.000 0.009
943.000 0.010
944.000 0.010
945.000 0.010
946.000 0.008
947.000 0.009
948.000 0.012
949.000 0.006
950.000 0.008
951.000 0.013
952.000 0.008
953.000 0.009
954.000 0.009
955.000 0.010
956.000 0.011
957.000 0.008
958.000 0.010
959.000 0.006
960.000 0.007
961.000 0.012
962.000 0.009
963.000 0.006
964.000 0.008
965.000 0.012
966.000 0.008
967.000 0.010
968.000 0.010
969.000 0.009
970.000 0.011
971.000 0.013
972.000 0.008
973.000 0.012
974.000 0.008
975.000 0.007
976.000 0.013
977.000 0.011
978.000 0.010
979.000 0.007
980.000 0.008
981.000 0.011
982.000 0.010
983.000 0.008
984.000 0.007
985.000 0.007
986.000 0.010
987.000 0.009
988.000 0.010
989.000 0.011
990.000 0.009
991.000 0.008
992.000 0.009
993.000 0.011
994.000 0.011
995.000 0.007
996.000 0.009
997.000 0.008
998.000 0.009
999.000 0.011
1000.000 0.008
1001.000 0.009
1002.000 0.006
1003.000 0.007
1004.000 0.007
1005.000 0.009
1006.000 0.009
1007.000 0.008
1008.000 0.009
1009.000 0.009
1010.000 0.010
1011.000 0.010
1012.000 0.008
1013.000 0.007
1014.000 0.007
1015.000 0.009
1016.000 0.010
1017.000 0.010
1018.000 0.009
1019.000 0.009
1020.000 0.008
1021.000 0.008
1022.000 0.013
1023.000 0.009
1024.000 0.014
1025.000 0.009
1026.000 0.007
1027.000 0.007
1028.000 0.009
1029.000 0.008
1030.000 0.007
1031.000 0.009
1032.000 0.010
1033.000 0.007
1034.000 0.010
1035.000 0.008
1036.000 0.007
1037.000 0.008
1038.000 0.010
1039.000 0.010
1040.000 0.013
1041.000 0.012
1042.000 0.009
1043.000 0.011
1044.000 0.008
1045.000 0.010
1046.000 0.006
1047.000 0.009
1048.000 0.012
1049.000 0.010
1050.000 0.008
1051.000 0.011
1052.000 0.006
1053.000 0.007
1054.000 0.007
1055.000 0.007
1056.000 0.009
1057.000 0.007
1058.000 0.011
1059.000 0.010
1060.000 0.007
1061.000 0.008
1062.000 0.009
1063.000 0.010
1064.000 0.007
1065.000 0.010
1066.000 0.008
1067.000 0.008
1068.000 0.008
1069.000 0.007
1070.000 0.009
1071.000 0.008
1072.000 0.008
1073.000 0.010
1074.000 0.007
1075.000 0.008
1076.000 0.007
1077.000 0.009
1078.000 0.010
1079.000 0.010
1080.000 0.007
1081.000 0.007
1082.000 0.010
1083.000 0.011
1084.000 0.006
1085.000 0.007
1086.000 0.009
1087.000 0.006
1088.000 0.007
1089.000 0.010
1090.000 0.008
1091.000 0.007
1092.000 0.009
1093.000 0.006
1094.000 0.008
1095.000 0.008
1096.000 0.011
1097.000 0.007
1098.000 0.010
1099.000 0.009
1100.000 0.008
1101.000 0.008
1102.000 0.007
1103.000 0.010
1104.000 0.011
1105.000 0.008
1106.000 0.009
1107.000 0.007
1108.000 0.009
1109.000 0.007
1110.000 0.008
1111.000 0.007
1112.000 0.010
1113.000 0.008
1114.000 0.007
1115.000 0.007
1116.000 0.009
1117.000 0.010
1118.000 0.008
1119.000 0.006
1120.000 0.007
1121.000 0.010
1122.000 0.010
1123.000 0.009
1124.000 0.009
1125.000 0.007
1126.000 0.009
1127.000 0.009
1128.000 0.013
1129.000 0.009
1130.000 0.009
1131.000 0.011
1132.000 0.012
1133.000 0.012
1134.000 0.011
1135.000 0.009
1136.000 0.010
1137.000 0.007
1138.000 0.009
1139.000 0.008
1140.000 0.007
1141.000 0.008
1142.000 0.008
1143.000 0.010
1144.000 0.009
1145.000 0.008
1146.000 0.007
1147.000 0.008
1148.000 0.008
1149.000 0.009
1150.000 0.009
1151.000 0.010
1152.000 0.009
1153.000 0.008
1154.000 0.007
1155.000 0.010
1156.000 0.010
1157.000 0.009
1158.000 0.010
1159.000 0.006
1160.000 0.008
1161.000 0.005
1162.000 0.009
1163.000 0.008
1164.000 0.007
1165.000 0.007
1166.000 0.009
1167.000 0.006
1168.000 0.009
1169.000 0.008
1170.000 0.009
1171.000 0.008
1172.000 0.007
1173.000 0.008
1174.000 0.009
1175.000 0.006
1176.000 0.008
1177.000 0.008
1178.000 0.010
1179.000 0.007
1180.000 0.006
1181.000 0.009
1182.000 0.007
1183.000 0.008
1184.000 0.007
1185.000 0.006
1186.000 0.009
1187.000 0.008
1188.000 0.008
1189.000 0.010
1190.000 0.007
1191.000 0.007
1192.000 0.008
1193.000 0.011
1194.000 0.009
1195.000 0.007
1196.000 0.010
1197.000 0.007
1198.000 0.007
1199.000 0.008
1200.000 0.009
1201.000 0.009
1202.000 0.008
1203.000 0.008
1204.000 0.010
1205.000 0.009
1206.000 0.009
1207.000 0.006
1208.000 0.007
1209.000 0.007
1210.000 0.006
1211.000 0.006
1212.000 0.008
1213.000 0.006
1214.000 0.009
1215.000 0.006
1216.000 0.009
1217.000 0.010
1218.000 0.009
1219.000 0.010
1220.000 0.011
1221.000 0.010
1222.000 0.005
1223.000 0.005
1224.000 0.008
1225.000 0.008
1226.000 0.007
1227.000 0.010
1228.000 0.008
1229.000 0.010
1230.000 0.007
1231.000 0.006
1232.000 0.008
1233.000 0.006
1234.000 0.009
1235.000 0.007
1236.000 0.007
1237.000 0.008
1238.000 0.007
1239.000 0.007
1240.000 0.007
1241.000 0.007
1242.000 0.008
1243.000 0.008
1244.000 0.008
1245.000 0.007
1246.000 0.008
1247.000 0.008
1248.000 0.010
1249.000 0.009
1250.000 0.007
1251.000 0.010
1252.000 0.006
1253.000 0.007
1254.000 0.010
1255.000 0.008
1256.000 0.007
1257.000 0.009
1258.000 0.008
1259.000 0.006
1260.000 0.006
1261.000 0.008
1262.000 0.007
1263.000 0.007
1264.000 0.008
1265.000 0.007
1266.000 0.008
1267.000 0.008
1268.000 0.007
1269.000 0.007
1270.000 0.009
1271.000 0.006
1272.000 0.010
1273.000 0.009
1274.000 0.008
1275.000 0.008
1276.000 0.007
1277.000 0.009
1278.000 0.008
1279.000 0.007
1280.000 0.007
1281.000 0.009
1282.000 0.008
1283.000 0.009
1284.000 0.007
1285.000 0.006
1286.000 0.010
1287.000 0.009
1288.000 0.011
1289.000 0.010
1290.000 0.010
1291.000 0.010
1292.000 0.008
1293.000 0.007
1294.000 0.008
1295.000 0.008
1296.000 0.011
1297.000 0.006
1298.000 0.008
1299.000 0.007
1300.000 0.008
1301.000 0.010
1302.000 0.007
1303.000 0.008
1304.000 0.010
1305.000 0.008
1306.000 0.007
1307.000 0.007
1308.000 0.008
1309.000 0.008
1310.000 0.009
1311.000 0.009
1312.000 0.008
1313.000 0.008
1314.000 0.009
1315.000 0.008
1316.000 0.008
1317.000 0.008
1318.000 0.007
1319.000 0.006
1320.000 0.008
1321.000 0.009
1322.000 0.007
1323.000 0.008
1324.000 0.008
1325.000 0.007
1326.000 0.009
1327.000 0.006
1328.000 0.006
1329.000 0.008
1330.000 0.008
1331.000 0.008
1332.000 0.007
1333.000 0.009
1334.000 0.007
1335.000 0.009
1336.000 0.007
1337.000 0.008
1338.000 0.005
1339.000 0.008
1340.000 0.009
1341.000 0.008
1342.000 0.006
1343.000 0.007
1344.000 0.008
1345.000 0.009
1346.000 0.008
1347.000 0.009
1348.000 0.010
1349.000 0.009
1350.000 0.008
1351.000 0.008
1352.000 0.007
1353.000 0.009
1354.000 0.006
1355.000 0.008
1356.000 0.009
1357.000 0.008
1358.000 0.006
1359.000 0.008
1360.000 0.009
1361.000 0.009
1362.000 0.010
1363.000 0.007
1364.000 0.005
1365.000 0.007
1366.000 0.009
1367.000 0.008
1368.000 0.008
1369.000 0.010
1370.000 0.007
1371.000 0.007
1372.000 0.007
1373.000 0.008
1374.000 0.006
1375.000 0.010
1376.000 0.007
1377.000 0.007
1378.000 0.005
1379.000 0.010
1380.000 0.008
1381.000 0.010
1382.000 0.009
1383.000 0.008
1384.000 0.005
1385.000 0.007
1386.000 0.008
1387.000 0.009
1388.000 0.006
1389.000 0.007
1390.000 0.008
1391.000 0.007
1392.000 0.007
1393.000 0.009
1394.000 0.008
1395.000 0.008
1396.000 0.008
1397.000 0.007
1398.000 0.007
1399.000 0.006
1400.000 0.008
1401.000 0.007
1402.000 0.011
1403.000 0.006
1404.000 0.008
1405.000 0.009
1406.000 0.008
1407.000 0.007
1408.000 0.006
1409.000 0.009
1410.000 0.009
1411.000 0.011
1412.000 0.007
1413.000 0.006
1414.000 0.010
1415.000 0.007
1416.000 0.009
1417.000 0.005
1418.000 0.008
1419.000 0.008
1420.000 0.008
1421.000 0.006
1422.000 0.007
1423.000 0.009
1424.000 0.009
1425.000 0.006
1426.000 0.006
1427.000 0.011
1428.000 0.008
1429.000 0.007
1430.000 0.006
1431.000 0.009
1432.000 0.009
1433.000 0.009
1434.000 0.006
1435.000 0.006
1436.000 0.008
1437.000 0.009
1438.000 0.006
1439.000 0.010
1440.000 0.005
1441.000 0.010
1442.000 0.006
1443.000 0.008
1444.000 0.009
1445.000 0.006
1446.000 0.007
1447.000 0.008
1448.000 0.008
1449.000 0.007
1450.000 0.007
1451.000 0.006
1452.000 0.009
1453.000 0.007
1454.000 0.008
1455.000 0.007
1456.000 0.010
1457.000 0.007
1458.000 0.009
1459.000 0.009
1460.000 0.009
1461.000 0.010
1462.000 0.011
1463.000 0.008
1464.000 0.007
1465.000 0.010
1466.000 0.006
1467.000 0.006
1468.000 0.006
1469.000 0.007
1470.000 0.008
1471.000 0.009
1472.000 0.008
1473.000 0.007
1474.000 0.009
1475.000 0.007
1476.000 0.007
1477.000 0.008
1478.000 0.006
1479.000 0.009
1480.000 0.007
1481.000 0.008
1482.000 0.005
1483.000 0.007
1484.000 0.005
1485.000 0.008
1486.000 0.010
1487.000 0.005
1488.000 0.007
1489.000 0.006
1490.000 0.009
1491.000 0.007
1492.000 0.007
1493.000 0.010
1494.000 0.005
1495.000 0.007
1496.000 0.008
1497.000 0.010
1498.000 0.007
1499.000 0.007
1500.000 0.007
1501.000 0.007
1502.000 0.008
1503.000 0.007
1504.000 0.009
1505.000 0.009
1506.000 0.007
1507.000 0.007
1508.000 0.006
1509.000 0.007
1510.000 0.007
1511.000 0.007
1512.000 0.007
1513.000 0.007
1514.000 0.005
1515.000 0.007
1516.000 0.007
1517.000 0.007
1518.000 0.008
1519.000 0.008
1520.000 0.009
1521.000 0.009
1522.000 0.009
1523.000 0.006
1524.000 0.012
1525.000 0.007
1526.000 0.007
1527.000 0.005
1528.000 0.008
1529.000 0.007
1530.000 0.008
1531.000 0.006
1532.000 0.006
1533.000 0.007
1534.000 0.007
1535.000 0.007
1536.000 0.008
1537.000 0.005
1538.000 0.006
1539.000 0.008
1540.000 0.005
1541.000 0.008
1542.000 0.007
1543.000 0.008
1544.000 0.010
1545.000 0.007
1546.000 0.008
1547.000 0.009
1548.000 0.009
1549.000 0.007
1550.000 0.006
1551.000 0.006
1552.000 0.007
1553.000 0.009
1554.000 0.008
1555.000 0.008
1556.000 0.007
1557.000 0.008
1558.000 0.006
1559.000 0.008
1560.000 0.007
1561.000 0.008
1562.000 0.009
1563.000 0.009
1564.000 0.010
1565.000 0.009
1566.000 0.007
1567.000 0.008
1568.000 0.008
1569.000 0.007
1570.000 0.007
1571.000 0.006
1572.000 0.007
1573.000 0.009
1574.000 0.006
1575.000 0.008
1576.000 0.006
1577.000 0.007
1578.000 0.008
1579.000 0.013
1580.000 0.009
1581.000 0.005
1582.000 0.006
1583.000 0.008
1584.000 0.008
1585.000 0.008
1586.000 0.008
1587.000 0.006
1588.000 0.009
1589.000 0.006
1590.000 0.007
1591.000 0.007
1592.000 0.007
1593.000 0.005
1594.000 0.006
1595.000 0.009
1596.000 0.007
1597.000 0.007
1598.000 0.007
1599.000 0.007
1600.000 0.006
1601.000 0.009
1602.000 0.007
1603.000 0.007
1604.000 0.008
1605.000 0.004
1606.000 0.008
1607.000 0.006
1608.000 0.007
1609.000 0.009
1610.000 0.009
1611.000 0.008
1612.000 0.007
1613.000 0.007
1614.000 0.006
1615.000 0.008
1616.000 0.005
1617.000 0.009
1618.000 0.008
1619.000 0.007
1620.000 0.006
1621.000 0.007
1622.000 0.007
1623.000 0.007
1624.000 0.006
1625.000 0.006
1626.000 0.005
1627.000 0.011
1628.000 0.008
1629.000 0.005
1630.000 0.007
1631.000 0.009
1632.000 0.007
1633.000 0.008
1634.000 0.007
1635.000 0.006
1636.000 0.008
1637.000 0.006
1638.000 0.008
1639.000 0.008
1640.000 0.007
1641.000 0.005
1642.000 0.006
1643.000 0.009
1644.000 0.011
1645.000 0.008
1646.000 0.006
1647.000 0.006
1648.000 0.007
1649.000 0.007
1650.000 0.006
1651.000 0.006
1652.000 0.007
1653.000 0.008
1654.000 0.006
1655.000 0.009
1656.000 0.009
1657.000 0.007
1658.000 0.011
1659.000 0.009
1660.000 0.008
1661.000 0.008
1662.000 0.007
1663.000 0.006
1664.000 0.009
1665.000 0.007
1666.000 0.008
1667.000 0.009
1668.000 0.007
1669.000 0.006
1670.000 0.007
1671.000 0.007
1672.000 0.007
1673.000 0.007
1674.000 0.008
1675.000 0.006
1676.000 0.009
1677.000 0.006
1678.000 0.008
1679.000 0.009
1680.000 0.004
1681.000 0.007
1682.000 0.007
1683.000 0.005
1684.000 0.012
1685.000 0.008
1686.000 0.008
1687.000 0.005
1688.000 0.007
1689.000 0.007
1690.000 0.008
1691.000 0.008
1692.000 0.008
1693.000 0.009
1694.000 0.010
1695.000 0.008
1696.000 0.007
1697.000 0.006
1698.000 0.007
1699.000 0.008
1700.000 0.007
1701.000 0.007
1702.000 0.008
1703.000 0.008
1704.000 0.005
1705.000 0.007
1706.000 0.008
1707.000 0.005
1708.000 0.007
1709.000 0.007
1710.000 0.006
1711.000 0.007
1712.000 0.007
1713.000 0.008
1714.000 0.009
1715.000 0.007
1716.000 0.006
1717.000 0.006
1718.000 0.005
1719.000 0.007
1720.000 0.006
1721.000 0.010
1722.000 0.006
1723.000 0.006
1724.000 0.006
1725.000 0.006
1726.000 0.006
1727.000 0.007
1728.000 0.007
1729.000 0.010
1730.000 0.008
1731.000 0.009
1732.000 0.009
1733.000 0.009
1734.000 0.008
1735.000 0.009
1736.000 0.006
1737.000 0.008
1738.000 0.006
1739.000 0.009
1740.000 0.005
1741.000 0.009
1742.000 0.009
1743.000 0.007
1744.000 0.007
1745.000 0.006
1746.000 0.008
1747.000 0.005
1748.000 0.005
1749.000 0.007
1750.000 0.005
1751.000 0.008
1752.000 0.007
1753.000 0.005
1754.000 0.007
1755.000 0.007
1756.000 0.008
1757.000 0.007
1758.000 0.007
1759.000 0.005
1760.000 0.006
1761.000 0.006
1762.000 0.007
1763.000 0.006
1764.000 0.009
1765.000 0.007
1766.000 0.005
1767.000 0.005
1768.000 0.008
1769.000 0.006
1770.000 0.008
1771.000 0.008
1772.000 0.007
1773.000 0.007
1774.000 0.005
1775.000 0.007
1776.000 0.006
1777.000 0.006
1778.000 0.008
1779.000 0.007
1780.000 0.008
1781.000 0.006
1782.000 0.008
1783.000 0.006
1784.000 0.008
1785.000 0.006
1786.000 0.008
1787.000 0.006
1788.000 0.006
1789.000 0.005
1790.000 0.006
1791.000 0.008
1792.000 0.005
1793.000 0.006
1794.000 0.008
1795.000 0.006
1796.000 0.007
1797.000 0.007
1798.000 0.007
1799.000 0.004
1800.000 0.007
1801.000 0.005
1802.000 0.004
1803.000 0.009
1804.000 0.008
1805.000 0.007
1806.000 0.007
1807.000 0.008
1808.000 0.012
1809.000 0.006
1810.000 0.005
1811.000 0.006
1812.000 0.009
1813.000 0.005
1814.000 0.007
1815.000 0.007
1816.000 0.008
1817.000 0.008
1818.000 0.007
1819.000 0.008
1820.000 0.006
1821.000 0.009
1822.000 0.007
1823.000 0.006
1824.000 0.007
1825.000 0.008
1826.000 0.007
1827.000 0.006
1828.000 0.007
1829.000 0.008
1830.000 0.007
1831.000 0.008
1832.000 0.006
1833.000 0.006
1834.000 0.008
1835.000 0.008
1836.000 0.007
1837.000 0.006
1838.000 0.006
1839.000 0.007
1840.000 0.006
1841.000 0.005
1842.000 0.008
1843.000 0.008
1844.000 0.007
1845.000 0.005
1846.000 0.004
1847.000 0.006
1848.000 0.006
1849.000 0.007
1850.000 0.004
1851.000 0.008
1852.000 0.007
1853.000 0.006
1854.000 0.006
1855.000 0.006
1856.000 0.007
1857.000 0.008
1858.000 0.005
1859.000 0.007
1860.000 0.007
1861.000 0.005
1862.000 0.008
1863.000 0.007
1864.000 0.007
1865.000 0.004
1866.000 0.005
1867.000 0.005
1868.000 0.006
1869.000 0.006
1870.000 0.007
1871.000 0.005
1872.000 0.006
1873.000 0.007
1874.000 0.007
1875.000 0.005
1876.000 0.005
1877.000 0.008
1878.000 0.008
1879.000 0.006
1880.000 0.006
1881.000 0.010
1882.000 0.006
1883.000 0.007
1884.000 0.006
1885.000 0.008
1886.000 0.005
1887.000 0.007
1888.000 0.007
1889.000 0.007
1890.000 0.007
1891.000 0.006
1892.000 0.007
1893.000 0.004
1894.000 0.004
1895.000 0.005
1896.000 0.008
1897.000 0.007
1898.000 0.006
1899.000 0.005
1900.000 0.005
1901.000 0.007
1902.000 0.006
1903.000 0.004
1904.000 0.004
1905.000 0.007
1906.000 0.006
1907.000 0.007
1908.000 0.006
1909.000 0.005
1910.000 0.006
1911.000 0.007
1912.000 0.007
1913.000 0.004
1914.000 0.006
1915.000 0.005
1916.000 0.007
1917.000 0.004
1918.000 0.006
1919.000 0.006
1920.000 0.006
1921.000 0.008
1922.000 0.007
1923.000 0.003
1924.000 0.006
1925.000 0.006
1926.000 0.010
1927.000 0.005
1928.000 0.006
1929.000 0.006
1930.000 0.007
1931.000 0.006
1932.000 0.007
1933.000 0.006
1934.000 0.008
1935.000 0.006
1936.000 0.005
1937.000 0.006
1938.000 0.006
1939.000 0.005
1940.000 0.005
1941.000 0.007
1942.000 0.007
1943.000 0.005
1944.000 0.004
1945.000 0.006
1946.000 0.006
1947.000 0.005
1948.000 0.007
1949.000 0.004
1950.000 0.005
1951.000 0.006
1952.000 0.005
1953.000 0.004
1954.000 0.006
1955.000 0.004
1956.000 0.006
1957.000 0.005
1958.000 0.005
1959.000 0.005
1960.000 0.005
1961.000 0.006
1962.000 0.007
1963.000 0.005
1964.000 0.005
1965.000 0.005
1966.000 0.005
1967.000 0.005
1968.000 0.006
1969.000 0.005
1970.000 0.006
1971.000 0.005
1972.000 0.005
1973.000 0.005
1974.000 0.006
1975.000 0.005
1976.000 0.007
1977.000 0.006
1978.000 0.004
1979.000 0.004
1980.000 0.004
1981.000 0.005
1982.000 0.004
1983.000 0.007
1984.000 0.005
1985.000 0.004
1986.000 0.007
1987.000 0.006
1988.000 0.006
1989.000 0.007
1990.000 0.005
1991.000 0.004
1992.000 0.005
1993.000 0.004
1994.000 0.006
1995.000 0.005
1996.000 0.004
1997.000 0.004
1998.000 0.006
1999.000 0.006
2000.000 0.006
2001.000 0.004
2002.000 0.005
2003.000 0.005
2004.000 0.005
2005.000 0.005
2006.000 0.004
2007.000 0.006
2008.000 0.006
2009.000 0.005
2010.000 0.005
2011.000 0.006
2012.000 0.005
2013.000 0.004
2014.000 0.005
2015.000 0.007
2016.000 0.006
2017.000 0.004
2018.000 0.005
2019.000 0.005
2020.000 0.003
2021.000 0.006
2022.000 0.005
2023.000 0.005
2024.000 0.006
2025.000 0.006
2026.000 0.006
2027.000 0.008
2028.000 0.006
2029.000 0.006
2030.000 0.005
2031.000 0.005
2032.000 0.003
2033.000 0.005
2034.000 0.005
2035.000 0.005
2036.000 0.006
2037.000 0.008
2038.000 0.006
2039.000 0.006
2040.000 0.007
2041.000 0.007
2042.000 0.007
2043.000 0.007
2044.000 0.006
2045.000 0.004
2046.000 0.007
2047.000 0.005
2048.000 0.005
2049.000 0.005
2050.000 0.004
2051.000 0.006
2052.000 0.005
2053.000 0.005
2054.000 0.005
2055.000 0.004
2056.000 0.005
2057.000 0.005
2058.000 0.005
2059.000 0.005
2060.000 0.004
2061.000 0.006
2062.000 0.005
2063.000 0.005
2064.000 0.006
2065.000 0.008
2066.000 0.003
2067.000 0.004
2068.000 0.006
2069.000 0.006
2070.000 0.006
2071.000 0.005
2072.000 0.006
2073.000 0.007
2074.000 0.005
2075.000 0.008
2076.000 0.007
2077.000 0.007
2078.000 0.005
2079.000 0.005
2080.000 0.006
2081.000 0.005
2082.000 0.005
2083.000 0.005
2084.000 0.005
2085.000 0.005
2086.000 0.005
2087.000 0.006
2088.000 0.006
2089.000 0.006
2090.000 0.006
2091.000 0.007
2092.000 0.005
2093.000 0.005
2094.000 0.004
2095.000 0.005
2096.000 0.008
2097.000 0.005
2098.000 0.005
2099.000 0.007
2100.000 0.005
2101.000 0.006
2102.000 0.006
2103.000 0.007
2104.000 0.005
2105.000 0.004
2106.000 0.006
2107.000 0.005
2108.000 0.006
2109.000 0.005
2110.000 0.005
2111.000 0.006
2112.000 0.008
2113.000 0.009
2114.000 0.007
2115.000 0.005
2116.000 0.006
2117.000 0.006
2118.000 0.006
2119.000 0.005
2120.000 0.008
2121.000 0.006
2122.000 0.006
2123.000 0.007
2124.000 0.006
2125.000 0.005
2126.000 0.007
2127.000 0.007
2128.000 0.005
2129.000 0.004
2130.000 0.005
2131.000 0.007
2132.000 0.006
2133.000 0.005
2134.000 0.005
2135.000 0.007
2136.000 0.006
2137.000 0.008
2138.000 0.007
2139.000 0.005
2140.000 0.006
2141.000 0.007
2142.000 0.006
2143.000 0.006
2144.000 0.005
2145.000 0.007
2146.000 0.007
2147.000 0.007
2148.000 0.008
2149.000 0.008
2150.000 0.008
2151.000 0.007
2152.000 0.006
2153.000 0.009
2154.000 0.007
2155.000 0.007
2156.000 0.007
2157.000 0.008
2158.000 0.008
2159.000 0.007
2160.000 0.008
2161.000 0.005
2162.000 0.007
2163.000 0.006
2164.000 0.006
2165.000 0.007
2166.000 0.007
2167.000 0.008
2168.000 0.006
2169.000 0.008
2170.000 0.009
2171.000 0.008
2172.000 0.007
2173.000 0.007
2174.000 0.007
2175.000 0.010
2176.000 0.007
2177.000 0.010
2178.000 0.009
2179.000 0.009
2180.000 0.008
2181.000 0.008
2182.000 0.010
2183.000 0.008
2184.000 0.007
2185.000 0.007
2186.000 0.008
2187.000 0.010
2188.000 0.009
2189.000 0.009
2190.000 0.008
2191.000 0.010
2192.000 0.009
2193.000 0.010
2194.000 0.011
2195.000 0.009
2196.000 0.009
2197.000 0.009
2198.000 0.013
2199.000 0.010
2200.000 0.009
2201.000 0.010
2202.000 0.009
2203.000 0.011
2204.000 0.012
2205.000 0.009
2206.000 0.009
2207.000 0.011
2208.000 0.011
2209.000 0.010
2210.000 0.010
2211.000 0.013
2212.000 0.013
2213.000 0.011
2214.000 0.012
2215.000 0.013
2216.000 0.012
2217.000 0.014
2218.000 0.012
2219.000 0.014
2220.000 0.015
2221.000 0.011
2222.000 0.013
2223.000 0.013
2224.000 0.014
2225.000 0.015
2226.000 0.014
2227.000 0.016
2228.000 0.016
2229.000 0.015
2230.000 0.018
2231.000 0.017
2232.000 0.015
2233.000 0.019
2234.000 0.015
2235.000 0.018
2236.000 0.016
2237.000 0.017
2238.000 0.018
2239.000 0.019
2240.000 0.021
2241.000 0.020
2242.000 0.024
2243.000 0.020
2244.000 0.020
2245.000 0.023
2246.000 0.021
2247.000 0.025
2248.000 0.025
2249.000 0.022
2250.000 0.024
2251.000 0.026
2252.000 0.025
2253.000 0.027
2254.000 0.029
2255.000 0.030
2256.000 0.030
2257.000 0.033
2258.000 0.033
2259.000 0.033
2260.000 0.035
2261.000 0.037
2262.000 0.037
2263.000 0.039
2264.000 0.044
2265.000 0.043
2266.000 0.045
2267.000 0.048
2268.000 0.051
2269.000 0.053
2270.000 0.058
2271.000 0.060
2272.000 0.063
2273.000 0.067
2274.000 0.072
2275.000 0.078
2276.000 0.083
2277.000 0.087
2278.000 0.096
2279.000 0.107
2280.000 0.112
2281.000 0.124
2282.000 0.136
2283.000 0.144
2284.000 0.157
2285.000 0.163
2286.000 0.172
2287.000 0.172
2288.000 0.171
2289.000 0.158
2290.000 0.150
2291.000 0.136
2292.000 0.135
2293.000 0.126
2294.000 0.126
2295.000 0.128
2296.000 0.131
2297.000 0.130
2298.000 0.123
2299.000 0.120
2300.000 0.115
2301.000 0.109
2302.000 0.108
2303.000 0.098
2304.000 0.097
2305.000 0.094
2306.000 0.088
2307.000 0.085
2308.000 0.080
2309.000 0.081
2310.000 0.077
2311.000 0.080
2312.000 0.075
2313.000 0.076
2314.000 0.073
2315.000 0.073
2316.000 0.075
2317.000 0.072
2318.000 0.068
2319.000 0.067
2320.000 0.065
2321.000 0.069
2322.000 0.069
2323.000 0.068
2324.000 0.064
2325.000 0.068
2326.000 0.070
2327.000 0.067
2328.000 0.066
2329.000 0.064
2330.000 0.067
2331.000 0.065
2332.000 0.067
2333.000 0.066
2334.000 0.069
2335.000 0.067
2336.000 0.067
2337.000 0.069
2338.000 0.073
2339.000 0.071
2340.000 0.073
2341.000 0.076
2342.000 0.078
2343.000 0.078
2344.000 0.084
2345.000 0.085
2346.000 0.087
2347.000 0.090
2348.000 0.098
2349.000 0.103
2350.000 0.102
2351.000 0.112
2352.000 0.117
2353.000 0.124
2354.000 0.134
2355.000 0.136
2356.000 0.147
2357.000 0.153
2358.000 0.163
2359.000 0.177
2360.000 0.180
2361.000 0.184
2362.000 0.187
2363.000 0.177
2364.000 0.163
2365.000 0.155
2366.000 0.133
2367.000 0.122
2368.000 0.106
2369.000 0.091
2370.000 0.090
2371.000 0.075
2372.000 0.074
2373.000 0.064
2374.000 0.062
2375.000 0.058
2376.000 0.051
2377.000 0.049
2378.000 0.045
2379.000 0.042
2380.000 0.041
2381.000 0.037
2382.000 0.034
2383.000 0.034
2384.000 0.034
2385.000 0.030
2386.000 0.029
2387.000 0.024
2388.000 0.026
2389.000 0.023
2390.000 0.024
2391.000 0.023
2392.000 0.023
2393.000 0.020
2394.000 0.020
2395.000 0.019
2396.000 0.020
2397.000 0.018
2398.000 0.017
2399.000 0.019
2400.000 0.014
2401.000 0.018
2402.000 0.015
2403.000 0.013
2404.000 0.014
2405.000 0.014
2406.000 0.013
2407.000 0.013
2408.000 0.014
2409.000 0.013
2410.000 0.014
2411.000 0.012
2412.000 0.010
2413.000 0.012
2414.000 0.011
2415.000 0.012
2416.000 0.010
2417.000 0.011
2418.000 0.010
2419.000 0.009
2420.000 0.010
2421.000 0.009
2422.000 0.008
2423.000 0.010
2424.000 0.008
2425.000 0.010
2426.000 0.009
2427.000 0.009
2428.000 0.007
2429.000 0.007
2430.000 0.008
2431.000 0.009
2432.000 0.008
2433.000 0.009
2434.000 0.009
2435.000 0.008
2436.000 0.007
2437.000 0.008
2438.000 0.007
2439.000 0.009
2440.000 0.006
2441.000 0.009
2442.000 0.008
2443.000 0.007
2444.000 0.007
2445.000 0.008
2446.000 0.006
2447.000 0.009
2448.000 0.008
2449.000 0.006
2450.000 0.005
2451.000 0.007
2452.000 0.006
2453.000 0.005
2454.000 0.012
2455.000 0.016
2456.000 0.006
2457.000 0.005
2458.000 0.006
2459.000 0.009
2460.000 0.008
2461.000 0.007
2462.000 0.006
2463.000 0.007
2464.000 0.007
2465.000 0.005
2466.000 0.004
2467.000 0.006
2468.000 0.006
2469.000 0.006
2470.000 0.007
2471.000 0.007
2472.000 0.007
2473.000 0.009
2474.000 0.006
2475.000 0.007
2476.000 0.006
2477.000 0.007
2478.000 0.005
2479.000 0.005
2480.000 0.005
2481.000 0.007
2482.000 0.006
2483.000 0.006
2484.000 0.005
2485.000 0.006
2486.000 0.007
2487.000 0.004
2488.000 0.006
2489.000 0.005
2490.000 0.006
2491.000 0.006
2492.000 0.008
2493.000 0.005
2494.000 0.007
2495.000 0.006
2496.000 0.006
2497.000 0.004
2498.000 0.005
2499.000 0.005
2500.000 0.007
2501.000 0.007
2502.000 0.008
2503.000 0.008
2504.000 0.008
2505.000 0.005
2506.000 0.005
2507.000 0.007
2508.000 0.006
2509.000 0.003
2510.000 0.006
2511.000 0.007
2512.000 0.005
2513.000 0.007
2514.000 0.005
2515.000 0.006
2516.000 0.007
2517.000 0.004
2518.000 0.006
2519.000 0.006
2520.000 0.007
2521.000 0.007
2522.000 0.005
2523.000 0.005
2524.000 0.006
2525.000 0.006
2526.000 0.006
2527.000 0.007
2528.000 0.006
2529.000 0.005
2530.000 0.006
2531.000 0.005
2532.000 0.006
2533.000 0.005
2534.000 0.005
2535.000 0.007
2536.000 0.005
2537.000 0.006
2538.000 0.005
2539.000 0.005
2540.000 0.007
2541.000 0.006
2542.000 0.006
2543.000 0.004
2544.000 0.005
2545.000 0.005
2546.000 0.006
2547.000 0.006
2548.000 0.005
2549.000 0.007
2550.000 0.006
2551.000 0.008
2552.000 0.006
2553.000 0.007
2554.000 0.004
2555.000 0.005
2556.000 0.006
2557.000 0.006
2558.000 0.009
2559.000 0.005
2560.000 0.006
2561.000 0.006
2562.000 0.006
2563.000 0.006
2564.000 0.007
2565.000 0.007
2566.000 0.005
2567.000 0.006
2568.000 0.006
2569.000 0.005
2570.000 0.006
2571.000 0.006
2572.000 0.006
2573.000 0.005
2574.000 0.006
2575.000 0.005
2576.000 0.005
2577.000 0.005
2578.000 0.004
2579.000 0.006
2580.000 0.005
2581.000 0.005
2582.000 0.004
2583.000 0.007
2584.000 0.006
2585.000 0.005
2586.000 0.006
2587.000 0.006
2588.000 0.005
2589.000 0.004
2590.000 0.006
2591.000 0.007
2592.000 0.006
2593.000 0.005
2594.000 0.005
2595.000 0.004
2596.000 0.007
2597.000 0.004
2598.000 0.005
2599.000 0.005
2600.000 0.006
2601.000 0.007
2602.000 0.005
2603.000 0.006
2604.000 0.005
2605.000 0.005
2606.000 0.008
2607.000 0.005
2608.000 0.005
2609.000 0.006
2610.000 0.005
2611.000 0.004
2612.000 0.005
2613.000 0.006
2614.000 0.004
2615.000 0.006
2616.000 0.005
2617.000 0.006
2618.000 0.006
2619.000 0.005
2620.000 0.007
2621.000 0.006
2622.000 0.005
2623.000 0.005
2624.000 0.006
2625.000 0.003
2626.000 0.004
2627.000 0.007
2628.000 0.006
2629.000 0.006
2630.000 0.006
2631.000 0.005
2632.000 0.004
2633.000 0.005
2634.000 0.005
2635.000 0.007
2636.000 0.004
2637.000 0.006
2638.000 0.006
2639.000 0.006
2640.000 0.007
2641.000 0.004
2642.000 0.007
2643.000 0.004
2644.000 0.005
2645.000 0.006
2646.000 0.005
2647.000 0.006
2648.000 0.007
2649.000 0.003
2650.000 0.005
2651.000 0.005
2652.000 0.005
2653.000 0.009
2654.000 0.005
2655.000 0.005
2656.000 0.006
2657.000 0.006
2658.000 0.004
2659.000 0.005
2660.000 0.005
2661.000 0.005
2662.000 0.005
2663.000 0.006
2664.000 0.006
2665.000 0.007
2666.000 0.006
2667.000 0.005
2668.000 0.005
2669.000 0.004
2670.000 0.006
2671.000 0.006
2672.000 0.006
2673.000 0.006
2674.000 0.005
2675.000 0.004
2676.000 0.006
2677.000 0.004
2678.000 0.006
2679.000 0.007
2680.000 0.005
2681.000 0.005
2682.000 0.006
2683.000 0.004
2684.000 0.006
2685.000 0.007
2686.000 0.006
2687.000 0.006
2688.000 0.007
2689.000 0.006
2690.000 0.007
2691.000 0.006
2692.000 0.005
2693.000 0.007
2694.000 0.005
2695.000 0.005
2696.000 0.006
2697.000 0.007
2698.000 0.005
2699.000 0.005
2700.000 0.005
2701.000 0.006
2702.000 0.006
2703.000 0.006
2704.000 0.005
2705.000 0.004
2706.000 0.007
2707.000 0.004
2708.000 0.006
2709.000 0.004
2710.000 0.006
2711.000 0.004
2712.000 0.005
2713.000 0.007
2714.000 0.005
2715.000 0.004
2716.000 0.005
2717.000 0.004
2718.000 0.005
2719.000 0.007
2720.000 0.006
2721.000 0.006
2722.000 0.005
2723.000 0.006
2724.000 0.005
2725.000 0.005
2726.000 0.007
2727.000 0.005
2728.000 0.003
2729.000 0.006
2730.000 0.004
2731.000 0.007
2732.000 0.006
2733.000 0.004
2734.000 0.006
2735.000 0.006
2736.000 0.004
2737.000 0.005
2738.000 0.006
2739.000 0.004
2740.000 0.005
2741.000 0.005
2742.000 0.007
2743.000 0.006
2744.000 0.006
2745.000 0.005
2746.000 0.004
2747.000 0.005
2748.000 0.006
2749.000 0.006
2750.000 0.005
2751.000 0.008
2752.000 0.004
2753.000 0.005
2754.000 0.005
2755.000 0.007
2756.000 0.004
2757.000 0.007
2758.000 0.006
2759.000 0.004
2760.000 0.005
2761.000 0.005
2762.000 0.006
2763.000 0.005
2764.000 0.006
2765.000 0.005
2766.000 0.007
2767.000 0.006
2768.000 0.004
2769.000 0.004
2770.000 0.006
2771.000 0.005
2772.000 0.005
2773.000 0.006
2774.000 0.005
2775.000 0.004
2776.000 0.007
2777.000 0.005
2778.000 0.006
2779.000 0.005
2780.000 0.007
2781.000 0.006
2782.000 0.005
2783.000 0.005
2784.000 0.005
2785.000 0.005
2786.000 0.004
2787.000 0.004
2788.000 0.006
2789.000 0.004
2790.000 0.004
2791.000 0.005
2792.000 0.004
2793.000 0.005
2794.000 0.006
2795.000 0.007
2796.000 0.006
2797.000 0.006
2798.000 0.006
2799.000 0.004
2800.000 0.005
2801.000 0.005
2802.000 0.005
2803.000 0.005
2804.000 0.005
2805.000 0.005
2806.000 0.006
2807.000 0.005
2808.000 0.006
2809.000 0.004
2810.000 0.005
2811.000 0.005
2812.000 0.004
2813.000 0.005
2814.000 0.004
2815.000 0.006
2816.000 0.006
2817.000 0.004
2818.000 0.005
2819.000 0.005
2820.000 0.004
2821.000 0.005
2822.000 0.004
2823.000 0.005
2824.000 0.006
2825.000 0.004
2826.000 0.005
2827.000 0.005
2828.000 0.006
2829.000 0.006
2830.000 0.005
2831.000 0.005
2832.000 0.006
2833.000 0.006
2834.000 0.004
2835.000 0.005
2836.000 0.004
2837.000 0.005
2838.000 0.006
2839.000 0.006
2840.000 0.007
2841.000 0.006
2842.000 0.006
2843.000 0.004
2844.000 0.005
2845.000 0.004
2846.000 0.006
2847.000 0.003
2848.000 0.005
2849.000 0.004
2850.000 0.006
2851.000 0.005
2853.000 0.004
2854.000 0.005
2855.000 0.006
2856.000 0.005
2857.000 0.004
2858.000 0.005
2859.000 0.005
2860.000 0.006
2861.000 0.005
2862.000 0.004
2863.000 0.004
2864.000 0.005
2865.000 0.006
2866.000 0.006
2867.000 0.005
2868.000 0.005
2869.000 0.005
2870.000 0.005
2871.000 0.004
2872.000 0.004
2873.000 0.008
2874.000 0.005
2875.000 0.005
2876.000 0.004
2877.000 0.004
2878.000 0.007
2879.000 0.006
2880.000 0.008
2881.000 0.004
2882.000 0.005
2883.000 0.006
2884.000 0.006
2885.000 0.005
2886.000 0.006
2887.000 0.005
2888.000 0.007
2889.000 0.006
2890.000 0.006
2891.000 0.004
2892.000 0.005
2893.000 0.004
2894.000 0.004
2895.000 0.004
2896.000 0.005
2897.000 0.005
2898.000 0.006
2899.000 0.005
2900.000 0.006
2901.000 0.006
2902.000 0.008
2903.000 0.008
2904.000 0.006
2905.000 0.007
2906.000 0.005
2907.000 0.007
2908.000 0.006
2909.000 0.006
2910.000 0.008
2911.000 0.007
2912.000 0.007
2914.000 0.005
2915.000 0.006
2916.000 0.005
2917.000 0.006
2918.000 0.005
2919.000 0.006
2920.000 0.005
2921.000 0.005
2922.000 0.004
2923.000 0.005
2924.000 0.006
2925.000 0.006
2926.000 0.006
2927.000 0.006
2928.000 0.005
2929.000 0.004
2930.000 0.007
2931.000 0.005
2932.000 0.004
2933.000 0.005
2934.000 0.006
2935.000 0.006
2936.000 0.007
2937.000 0.004
2938.000 0.006
2939.000 0.004
2940.000 0.005
2941.000 0.003
2942.000 0.006
2943.000 0.005
2944.000 0.005
2945.000 0.006
2946.000 0.006
2947.000 0.005
2948.000 0.005
2949.000 0.005
2950.000 0.005
2951.000 0.005
2952.000 0.006
2954.000 0.005
2955.000 0.006
2956.000 0.007
2957.000 0.004
2958.000 0.007
2959.000 0.005
2960.000 0.005
2961.000 0.005
2962.000 0.006
2963.000 0.006
2964.000 0.007
2965.000 0.005
2966.000 0.005
2967.000 0.005
2968.000 0.005
2969.000 0.006
2970.000 0.005
2971.000 0.004
2972.000 0.006
2973.000 0.007
2974.000 0.005
2975.000 0.006
2976.000 0.007
2977.000 0.006
2978.000 0.006
2979.000 0.005
2980.000 0.009
2981.000 0.007
2982.000 0.005
2983.000 0.006
2984.000 0.005
2985.000 0.006
2986.000 0.006
2988.000 0.005
2989.000 0.005
2990.000 0.007
2991.000 0.006
2992.000 0.006
2993.000 0.005
2994.000 0.005
2995.000 0.004
2996.000 0.004
2997.000 0.004
2998.000 0.006
2999.000 0.007
3000.000 0.007
3001.000 0.006
3002.000 0.005
3003.000 0.004
3004.000 0.004
3005.000 0.006
3006.000 0.005
3007.000 0.005
3008.000 0.006
3009.000 0.004
3011.000 0.005
3012.000 0.005
3013.000 0.005
3014.000 0.005
3015.000 0.006
3016.000 0.005
3017.000 0.006
3018.000 0.006
3020.000 0.005
3021.000 0.007
3022.000 0.006
3023.000 0.006
3024.000 0.004
3025.000 0.005
3026.000 0.005
3027.000 0.006
3028.000 0.005
3029.000 0.007
3030.000 0.006
3031.000 0.008
3032.000 0.007
3033.000 0.006
3034.000 0.006
3035.000 0.005
3036.000 0.006
3037.000 0.006
3038.000 0.007
3039.000 0.006
3040.000 0.007
3041.000 0.006
3042.000 0.005
3043.000 0.005
3044.000 0.006
3045.000 0.005
3047.000 0.007
3048.000 0.007
3049.000 0.008
3050.000 0.006
3051.000 0.005
3052.000 0.008
3053.000 0.006
3054.000 0.005
3055.000 0.006
3056.000 0.007
3057.000 0.004
3058.000 0.003
3059.000 0.006
3060.000 0.006
3061.000 0.005
3062.000 0.005
3063.000 0.005
3064.000 0.005
3066.000 0.005
3067.000 0.004
3068.000 0.006
3069.000 0.005
3070.000 0.006
3071.000 0.005
3072.000 0.007
